   -0.69314718055994530942E+00    -0.72444766592073123498E-04
   -0.91629073187415506518E+00    -0.30033814757402692265E-02
   -0.10986122886681096914E+01    -0.14654579891646573817E-04
   -0.12527629684953679957E+01    -0.15548250548134210632E-02
   -0.13862943611198906188E+01    -0.46632780393869226937E-05
   -0.15040773967762740734E+01    -0.94621290878769270034E-03
   -0.16094379124341003746E+01    -0.19047274460922630392E-05
   -0.17047480922384252346E+01    -0.63532869474268934202E-03
   -0.17917594692280550008E+01    -0.90864003984808169651E-06
   -0.18718021769015914266E+01    -0.45566614045933811705E-03
   -0.19459101490553133051E+01    -0.48024454841597479044E-06
   -0.20149030205422647566E+01    -0.34262379175568449951E-03
   -0.20794415416798359283E+01    -0.27183471585112724594E-06
   -0.21400661634962707708E+01    -0.26693789068912656162E-03
   -0.21972245773362193828E+01    -0.16071014688091438292E-06
   -0.22512917986064951506E+01    -0.21380261396844572927E-03
   -0.23025850929940456840E+01    -0.97102728557327091243E-07
   -0.23513752571634776871E+01    -0.17507825211809228870E-03
   -0.23978952727983705441E+01    -0.58576043201211274945E-07
   -0.24423470353692043814E+01    -0.14599037114581834570E-03
   -0.24849066497880003102E+01    -0.34138524212295097213E-07
   -0.25257286443082554398E+01    -0.12358901135266213799E-03
   -0.25649493574615367361E+01    -0.18031139756624907829E-07
   -0.26026896854443837648E+01    -0.10597201926833874360E-03
   -0.26390573296152586145E+01    -0.70642494135642164073E-08
   -0.26741486494265287178E+01    -0.91868325301678540258E-04
   -0.27080502011022100660E+01     0.61307421699938693282E-09
   -0.27408400239252009365E+01    -0.80402457389322837905E-04
   -0.27725887222397812377E+01     0.61184839539767003541E-08
   -0.28033603809065349260E+01    -0.70955520576047679385E-04
   -0.28332133440562160802E+01     0.10150419730290858515E-07
   -0.28622008809294683703E+01    -0.63079996025345507381E-04
   -0.28903717578961646922E+01     0.13158608620896183912E-07
   -0.29177707320842791350E+01    -0.56445804524947101923E-04
   -0.29444389791664404600E+01     0.15440358591808428868E-07
   -0.29704144655697011180E+01    -0.50805180600218192788E-04
   -0.29957322735539909934E+01     0.17196860483662299526E-07
   -0.30204248861443624944E+01    -0.45969217898150967369E-04
   -0.30445224377234229965E+01     0.18567131849300428747E-07
   -0.30680529351336171141E+01    -0.41791855926806751503E-04
   -0.30910424533583158535E+01     0.19649047865637652480E-07
   -0.31135153092103744480E+01    -0.38158727679843507879E-04
   -0.31354942159291496908E+01     0.20512694707808485741E-07
   -0.31570004211501132774E+01    -0.34979252306699949445E-04
   -0.31780538303479456196E+01     0.21209037521101097398E-07
   -0.31986731175506813008E+01    -0.32180937021906394077E-04
   -0.32188758248682007492E+01     0.21775660828097360201E-07
   -0.32386784521643804622E+01    -0.29705210053271737578E-04
   -0.32580965380214820455E+01     0.22240640145774204756E-07
   -0.32771447329921765247E+01    -0.27504331949445950442E-04
   -0.32958368660043290742E+01     0.22625197154268687284E-07
   -0.33141860046725256092E+01    -0.25539077747338157230E-04
   -0.33322045101752039239E+01     0.22945548755259359789E-07
   -0.33499040872746048420E+01    -0.23776977734034064204E-04
   -0.33672958299864740272E+01     0.23214213082266741818E-07
   -0.33843902633457741412E+01    -0.22190968095635115695E-04
   -0.34011973816621553754E+01     0.23440944084120912358E-07
   -0.34177266836133659393E+01    -0.20758345841743598992E-04
   -0.34339872044851462459E+01     0.23633408470486244884E-07
   -0.34499875458315873785E+01    -0.19459952048149535395E-04
   -0.34657359027997265471E+01     0.23797681602075809641E-07
   -0.34812400893356918012E+01    -0.18279528143761318336E-04
   -0.34965075614664802355E+01     0.23938614589565044738E-07
   -0.35115454388310207503E+01    -0.17203204577861205804E-04
   -0.35263605246161613897E+01     0.24060108734286836287E-07
   -0.35409593240373140728E+01    -0.16219091645904711061E-04
   -0.35553480614894136797E+01     0.24165322595890476727E-07
   -0.35695326964813701119E+01    -0.15316949797806222767E-04
   -0.35835189384561100016E+01     0.24256829582747619622E-07
   -0.35973122605884458197E+01    -0.14487922261760146655E-04
   -0.36109179126442244444E+01     0.24336738866429063328E-07
   -0.36243409329763651312E+01    -0.13724316877846173203E-04
   -0.36375861597263857694E+01     0.24406788869409242550E-07
   -0.36506582412937385398E+01    -0.13019427056794597894E-04
   -0.36635616461296464274E+01     0.24468420071904325561E-07
   -0.36763006719070761848E+01    -0.12367384045999189222E-04
   -0.36888794541139363029E+01     0.24522832101921454011E-07
   -0.37013019741124934562E+01    -0.11763034399321310943E-04
   -0.37135720667043078039E+01     0.24571028792228467066E-07
   -0.37256934272366526141E+01    -0.11201837853902797318E-04
   -0.37376696182833683059E+01     0.24613853959653243042E-07
   -0.37495040759303711454E+01    -0.10679781820299537226E-04
   -0.37612001156935624235E+01     0.24652019983353734004E-07
   -0.37727609380946384092E+01    -0.10193309467579205551E-04
   -0.37841896339182611629E+01     0.24686130758383663933E-07
   -0.37954891891721945289E+01    -0.97392589882156353829E-05
   -0.38066624897703197574E+01     0.24716700229272799203E-07
   -0.38177123259569047317E+01    -0.93148120997847660363E-05
   -0.38286413964890950002E+01     0.24744167430321808229E-07
   -0.38394523125933106279E+01    -0.89174502122588792501E-05
   -0.38501476017100585868E+01     0.24768908749867357991E-07
   -0.38607297110405955252E+01    -0.85449169840911211448E-05
   -0.38712010109078909291E+01     0.24791247976945431030E-07
   -0.38815637979434375127E+01    -0.81951862246415639500E-05
   -0.38918202981106266102E+01     0.24811464567576974164E-07
   -0.39019726695746446174E+01    -0.78664342880168335066E-05
   -0.39120230054281460586E+01     0.24829800474849584925E-07
   -0.39219733362813141415E+01    -0.75570162541724216164E-05
   -0.39318256327243257716E+01     0.24846465815120397461E-07
   -0.39415818076696904614E+01    -0.72654453149272978254E-05
   -0.39512437185814273549E+01     0.24861643586881363030E-07
   -0.39608131695975780617E+01    -0.69903748813741682199E-05
   -0.39702919135521218341E+01     0.24875493615287663455E-07
   -0.39796816539019608639E+01    -0.67305830097109918281E-05
   -0.39889840465642743836E+01     0.24888155861193342810E-07
   -0.39982007016691983910E+01    -0.64849588084261041309E-05
   -0.40073331852324709187E+01     0.24899753206612444825E-07
   -0.40163830207523888263E+01    -0.62524905439135709123E-05
   -0.40253516907351492334E+01     0.24910393807198887973E-07
   -0.40342406381523952592E+01    -0.60322552062458027317E-05
   -0.40430512678345501514E+01     0.24920173085372982552E-07
   -0.40517849478033047560E+01    -0.58234093337865286937E-05
   -0.40604430105464193366E+01     0.24929175424167123606E-07
   -0.40690267542378108094E+01    -0.56251809260227018657E-05
   -0.40775374439057194506E+01     0.24937475610987216642E-07
   -0.40859763125515840759E+01    -0.54368622995759503668E-05
   -0.40943445622221006848E+01     0.24945140071725117378E-07
   -0.41026433650367957787E+01    -0.52578037637444165036E-05
   -0.41108738641733112488E+01     0.24952227928572256721E-07
   -0.41190371748124721858E+01    -0.50874080098675794867E-05
   -0.41271343850450915553E+01     0.24958791909133570570E-07
   -0.41351665567423558144E+01    -0.49251251239017597459E-05
   -0.41431347263915326879E+01     0.24964879129755810308E-07
   -0.41510399058986459636E+01    -0.47704481443314946238E-05
   -0.41588830833596718565E+01     0.24970531772154361954E-07
   -0.41666652238017268055E+01    -0.46229090983206564728E-05
   -0.41743872698956371107E+01     0.24975787669281219137E-07
   -0.41820501426412062347E+01    -0.44820754581533806111E-05
   -0.41896547420264255449E+01     0.24980680813791571469E-07
   -0.41972019476618084557E+01    -0.43475469677964885901E-05
   -0.42046926193909660597E+01     0.24985241800332356608E-07
   -0.42121275978784841394E+01    -0.42189527960527817646E-05
   -0.42195077051761066991E+01     0.24989498211108989315E-07
   -0.42268337452681796059E+01    -0.40959489784506340233E-05
   -0.42341065045972593822E+01     0.24993474952718883725E-07
   -0.42413267525707464478E+01    -0.39782161148807864964E-05
   -0.42484952420493589891E+01     0.24997194551018052086E-07
   -0.42556127098182229688E+01    -0.38654572941716767980E-05
   -0.42626798770413154213E+01     0.25000677409766170337E-07
   -0.42696974496999619707E+01    -0.37573962203946422805E-05
   -0.42766661190160553110E+01     0.25003942037940546456E-07
   -0.42835865618606290924E+01    -0.36537755187973508795E-05
   -0.42904594411483911291E+01     0.25007005249891561229E-07
   -0.42972854062187909922E+01    -0.35543552019510919105E-05
   -0.43040650932041697538E+01     0.25009882341907855776E-07
   -0.43107991253855138316E+01    -0.34589112790266432153E-05
   -0.43174881135363104406E+01     0.25012587248249589213E-07
   -0.43241326562549790194E+01    -0.33672344931361474498E-05
   -0.43307333402863310788E+01     0.25015132679276718468E-07
   -0.43372907408324901536E+01    -0.32791291734385319921E-05
   -0.43438054218536838492E+01     0.25017530243933498508E-07
   -0.43502779363593013111E+01    -0.31944121902405179166E-05
   -0.43567088266895917369E+01     0.25019790558539578001E-07
   -0.43630986247883627480E+01    -0.31129120026655856544E-05
   -0.43694478524670214942E+01     0.25021923343573338152E-07
   -0.43757570216602862161E+01    -0.30344677896360914948E-05
   -0.43820266346738816123E+01     0.25023937509907168915E-07
   -0.43882571844245176865E+01    -0.29589286559417998004E-05
   -0.43944491546724387656E+01     0.25025841235761113183E-07
   -0.44006030202468170246E+01    -0.28861529060708237906E-05
   -0.44067192472642531133E+01     0.25027642035475668324E-07
   -0.44127982933406353006E+01    -0.28160073792729601588E-05
   -0.44188406077965979235E+01     0.25029346821062284815E-07
   -0.44248466318568097978E+01    -0.27483668400248950677E-05
   -0.44308167988433136153E+01     0.25030961957367702992E-07
   -0.44367515343631281627E+01    -0.26831134186839774637E-05
   -0.44426512564903164549E+01     0.25032493311582751484E-07
   -0.44485163759427145334E+01    -0.26201360976627209376E-05
   -0.44543472962535077329E+01     0.25033946297735098286E-07
   -0.44601444139378336375E+01    -0.25593302389389775273E-05
   -0.44659081186545837186E+01     0.25035325916726594776E-07
   -0.44716387933635687449E+01    -0.25005971491446594160E-05
   -0.44773368144782064723E+01     0.25036636792407508949E-07
   -0.44830025520138838326E+01    -0.24438436788557450047E-05
   -0.44886363697321398383E+01     0.25037883204120604936E-07
   -0.44942386252808096868E+01    -0.23889818530439684576E-05
   -0.44998096703302650668E+01     0.25039069116096418697E-07
   -0.45053498507058804374E+01    -0.23359285299511562218E-05
   -0.45108595065168500412E+01     0.25040198204036123408E-07
   -0.45163389722814756307E+01    -0.22846050859150749163E-05
   -0.45217885770490403096E+01     0.25041273879179152768E-07
   -0.45272086445183795096E+01    -0.22349371239147549427E-05
   -0.45325994931532559373E+01     0.25042299310118472010E-07
   -0.45379614362946413149E+01    -0.21868542038169228261E-05
   -0.45432947822700038962E+01     0.25043277442596385041E-07
   -0.45485998344996970699E+01    -0.21402895924963567151E-05
   -0.45538768916005408346E+01     0.25044211017487468972E-07
   -0.45591262474866845634E+01    -0.20951800321742497991E-05
   -0.45643481914678362385E+01     0.25045102587152143142E-07
   -0.45695430083449402424E+01    -0.20514655254722831560E-05
   -0.45747109785033828221E+01     0.25045954530324087036E-07
   -0.45798523780038014926E+01    -0.20090891358180538696E-05
   -0.45849674786705719196E+01     0.25046769065676857685E-07
   -0.45900565481780431974E+01    -0.19679968019615172022E-05
   -0.45951198501345899269E+01     0.25047548264199309860E-07
   -0.46001576441645470860E+01    -0.19281371654737153416E-05
   -0.46051701859880913680E+01     0.25048294060495522279E-07
   -0.46101577274991304416E+01    -0.18894614101996299393E-05
   -0.46151205168412594509E+01     0.25049008263112647221E-07
   -0.46200587984818420229E+01    -0.18519231127277026525E-05
   -0.46249728132842710811E+01     0.25049692563989228028E-07
   -0.46298627985784628691E+01    -0.18154781030204697954E-05
   -0.46347289882296357708E+01     0.25050348547106894192E-07
   -0.46395716127054237642E+01    -0.17800843344247851325E-05
   -0.46443908991413726643E+01     0.25050977696419795660E-07
   -0.46491870714048656947E+01    -0.17457017623470835724E-05
   -0.46539603501575233711E+01     0.25051581403128544750E-07
   -0.46587109529161211863E+01    -0.17122922309397994351E-05
   -0.46634390941120671436E+01     0.25052160972358681045E-07
   -0.46681449851494798033E+01    -0.16798193672000454739E-05
   -0.46728288344619061733E+01     0.25052717629297661833E-07
   -0.46774908475677174887E+01    -0.16482484819315601649E-05
   -0.46821312271242196930E+01     0.25053252524839020808E-07
   -0.46867501729805142416E+01    -0.16175464770662546564E-05
   -0.46913478822291437004E+01     0.25053766740777554603E-07
   -0.46959245492565555111E+01    -0.15876817588828948650E-05
   -0.47004803657924162281E+01     0.25054261294595123493E-07
   -0.47050155209578075069E+01    -0.15586241566979467202E-05
   -0.47095302013123341358E+01     0.25054737143872830862E-07
   -0.47140245909001734492E+01    -0.15303448466377579807E-05
   -0.47184988712950945428E+01     0.25055195190361924414E-07
   -0.47229532216444748226E+01    -0.15028162801323741368E-05
   -0.47273878187123405686E+01     0.25055636283742695494E-07
   -0.47318028369214573656E+01    -0.14760121167996801774E-05
   -0.47361984483944954608E+01     0.25056061225097901771E-07
   -0.47405748229942943390E+01    -0.14499071614144855064E-05
   -0.47449321283632500654E+01     0.25056470770124767796E-07
   -0.47492705299618482311E+01    -0.14244773046808601205E-05
   -0.47535901911063646460E+01     0.25056865632107397009E-07
   -0.47578912730057552559E+01    -0.13996994675476963772E-05
   -0.47621739347977561188E+01     0.25057246484669430290E-07
   -0.47664383335842136520E+01    -0.13755515488273009997E-05
   -0.47706846244656647600E+01     0.25057613964324986238E-07
   -0.47749129605751858762E+01    -0.13520123758949860620E-05
   -0.47791234931115293854E+01     0.25057968672844295741E-07
   -0.47833163713715653575E+01    -0.13290616582642783010E-05
   -0.47874917427820459942E+01     0.25058311179448979222E-07
   -0.47916497529307096860E+01    -0.13066799438476407742E-05
   -0.47957905455967410881E+01     0.25058642022850592634E-07
   -0.47999142627806031476E+01    -0.12848485777266236734E-05
   -0.48040210447332565582E+01     0.25058961713144872960E-07
   -0.48081110299847816754E+01    -0.12635496632682439569E-05
   -0.48121843553724174953E+01     0.25059270733573032480E-07
   -0.48162411560680318866E+01    -0.12427660254362374898E-05
   -0.48202815656050368648E+01     0.25059569542160471876E-07
   -0.48243057159047623055E+01    -0.12224811761567239839E-05
   -0.48283137373023011238E+01     0.25059858573242394696E-07
   -0.48323057585718385768E+01    -0.12026792816078569149E-05
   -0.48362819069514779973E+01     0.25060138238885000777E-07
   -0.48402423081675749255E+01    -0.11833451313122726487E-05
   -0.48441870864585912730E+01     0.25060408930210205470E-07
   -0.48481163645984808368E+01    -0.11644641089196730997E-05
   -0.48520302639196171659E+01     0.25060671018631167670E-07
   -0.48559289043352744889E+01    -0.11460221645747359304E-05
   -0.48598124043616721149E+01     0.25060924857005306052E-07
   -0.48636808811395924401E+01    -0.11280057887728014546E-05
   -0.48675344504555824201E+01     0.25061170780710933678E-07
   -0.48713732267627481006E+01    -0.11104019876124867869E-05
   -0.48751973232011515441E+01     0.25061409108653141036E-07
   -0.48790068516178192417E+01    -0.10931982593605715252E-05
   -0.48828019225863708543E+01     0.25061640144204101762E-07
   -0.48865826454262768993E+01    -0.10763825722502273520E-05
   -0.48903491282217537651E+01     0.25061864176082559662E-07
   -0.48941014778403042203E+01    -0.10599433434389646027E-05
   -0.48978397999509113691E+01     0.25062081479176876291E-07
   -0.49015641990418937968E+01    -0.10438694190575769089E-05
   -0.49052747784384294488E+01     0.25062292315315671880E-07
   -0.49089716403197555907E+01    -0.10281500552859122292E-05
   -0.49126548857360520085E+01     0.25062496933989775757E-07
   -0.49163246146250144231E+01    -0.10127749003955139022E-05
   -0.49199809258281249153E+01     0.25062695573028912786E-07
   -0.49236239171066259838E+01    -0.99773397770308524410E-06
   -0.49272536851572046916E+01     0.25062888459236287316E-07
   -0.49308703256273931905E+01    -0.98301766938235984213E-06
   -0.49344739331306917572E+01     0.25063075808983983367E-07
   -0.49380646012614203193E+01    -0.96861670108532915445E-06
   -0.49416424226093042985E+01     0.25063257828771877313E-07
   -0.49452074887738004557E+01    -0.95452212732690954062E-06
   -0.49487598903781682782E+01     0.25063434715752555312E-07
   -0.49522997170832923152E+01    -0.94072531759004091719E-06
   -0.49558270576012607307E+01     0.25063606658224540532E-07
   -0.49593419997087052166E+01    -0.92721794311091582039E-06
   -0.49628446302599072801E+01     0.25063773836095963277E-07
   -0.49663350351996757996E+01    -0.91399196430655630141E-06
   -0.49698132995760006205E+01     0.25063936421320649212E-07
   -0.49732795075524868511E+01    -0.90103961880930103830E-06
   -0.49767337424205744018E+01     0.25064094578308455631E-07
   -0.49801760866115472041E+01    -0.88835341007494940558E-06
   -0.49836066217083364385E+01     0.25064248464311552137E-07
   -0.49870254284571219965E+01    -0.87592609653334501528E-06
   -0.49904325867787363016E+01     0.25064398229788219132E-07
   -0.49938281757798745158E+01    -0.86375068125207947406E-06
   -0.49972122737641150632E+01     0.25064544018745624230E-07
   -0.50005849582427543088E+01    -0.85182040208576794355E-06
   -0.50039463059454591410E+01     0.25064685969062932348E-07
   -0.50072963928307411174E+01    -0.84012872228500088562E-06
   -0.50106352940962557500E+01     0.25064824212796008945E-07
   -0.50139630841889304192E+01    -0.82866932154061972078E-06
   -0.50172798368149243288E+01     0.25064958876464887105E-07
   -0.50205856249494238329E+01    -0.81743608744040594505E-06
   -0.50238805208462763883E+01     0.25065090081325087118E-07
   -0.50271645960474663139E+01    -0.80642310731662083873E-06
   -0.50304379213924354630E+01     0.25065217943623801545E-07
   -0.50337005670272518442E+01    -0.79562466046409298814E-06
   -0.50369526024136291586E+01     0.25065342574841888698E-07
   -0.50401940963378001527E+01    -0.78503521070972963952E-06
   -0.50434251169192466205E+01     0.25065464081922552809E-07
   -0.50466457316192888248E+01    -0.77464939931543114278E-06
   -0.50498560072495370463E+01     0.25065582567487529209E-07
   -0.50530560099802079073E+01    -0.76446203819742071654E-06
   -0.50562458053483080574E+01     0.25065698130041537492E-07
   -0.50594254582656877531E+01    -0.75446810344596936550E-06
   -0.50625950330269668036E+01     0.25065810864165714226E-07
   -0.50657545933173353048E+01    -0.74466272913040252992E-06
   -0.50689042022202315255E+01     0.25065920860700689259E-07
   -0.50720439222248992618E+01    -0.73504120137512512692E-06
   -0.50751738152338269217E+01     0.25066028206919925529E-07
   -0.50782939425700705553E+01    -0.72559895269319892723E-06
   -0.50814043649844629959E+01     0.25066132986693901407E-07
   -0.50845051426627112308E+01    -0.71633155656475428263E-06
   -0.50875963352323840750E+01     0.25066235280645676603E-07
   -0.50906780017697921758E+01    -0.70723472224822039980E-06
   -0.50937502008067623341E+01     0.25066335166298347459E-07
   -0.50968129903373080824E+01    -0.69830428981301772369E-06
   -0.50998664278241984227E+01     0.25066432718214864669E-07
   -0.51029105702054265825E+01    -0.68953622538297540165E-06
   -0.51059454739005806101E+01     0.25066528008130656051E-07
   -0.51089711948171175914E+01    -0.68092661658031889591E-06
   -0.51119877883565432329E+01     0.25066621105079468710E-07
   -0.51149953094204985177E+01    -0.67247166816062005470E-06
   -0.51179938124167551073E+01     0.25066712075512818585E-07
   -0.51209833512651211249E+01    -0.66416769782961662275E-06
   -0.51239639794032589248E+01     0.25066800983413410897E-07
   -0.51269357497924164151E+01    -0.65601113223329239015E-06
   -0.51298987149230734721E+01     0.25066887890402872190E-07
   -0.51328529268205049506E+01    -0.64799850311306491520E-06
   -0.51357984370502617643E+01     0.25066972855844113420E-07
   -0.51387352967235714806E+01    -0.64012644361835684368E-06
   -0.51416635565026598428E+01     0.25067055936938623743E-07
   -0.51445832666059946059E+01    -0.63239168476923098809E-06
   -0.51474944768134530423E+01     0.25067137188818976187E-07
   -0.51503972364714144474E+01    -0.62479105206215011220E-06
   -0.51532915944977789469E+01     0.25067216664636809178E-07
   -0.51561775993869138829E+01    -0.61732146221228126554E-06
   -0.51590552992145290280E+01     0.25067294415646531827E-07
   -0.51619247416424818538E+01    -0.60997992002610290338E-06
   -0.51647859739235140543E+01     0.25067370491284985864E-07
   -0.51676390429059205008E+01    -0.60276351539839219411E-06
   -0.51704839950381517817E+01     0.25067444939247283135E-07
   -0.51733208763733514580E+01    -0.59566942042797105045E-06
   -0.51761497325738291420E+01     0.25067517805559024440E-07
   -0.51789706089154704865E+01    -0.58869488664687363865E-06
   -0.51817835502920851477E+01     0.25067589134645093298E-07
   -0.51845886012196937673E+01    -0.58183724235786646095E-06
   -0.51873858058407549962E+01     0.25067658969395206766E-07
   -0.51901752079283335636E+01    -0.57509389007550553985E-06
   -0.51929568508902103762E+01     0.25067727351226394732E-07
   -0.51957307777729356106E+01    -0.56846230406615466519E-06
   -0.51984970312658257468E+01     0.25067794320142569116E-07
   -0.52012556537049054701E+01    -0.56194002798261494276E-06
   -0.52040066870767953506E+01     0.25067859914791335000E-07
   -0.52067501730225461943E+01    -0.55552467258922979606E-06
   -0.52094861528414209401E+01     0.25067924172518186961E-07
   -0.52122146674946249622E+01    -0.54921391357353186102E-06
   -0.52149357576089856191E+01     0.25067987129418225634E-07
   -0.52176494634805818772E+01    -0.54300548944068956761E-06
   -0.52203558250783248190E+01     0.25068048820385521839E-07
   -0.52230548820474898298E+01    -0.53689719948719226881E-06
   -0.52257466737132012467E+01     0.25068109279160248359E-07
   -0.52284312390838702319E+01    -0.53088690185038416194E-06
   -0.52311086168545866243E+01     0.25068168538373692700E-07
   -0.52337788454104655058E+01    -0.52497251163061951617E-06
   -0.52364419628299492057E+01     0.25068226629591257768E-07
   -0.52390980068880654538E+01    -0.51915199908296540317E-06
   -0.52417470150596423793E+01     0.25068283583353551477E-07
   -0.52443890245224810384E+01    -0.51342338787552372324E-06
   -0.52470240721604861440E+01     0.25068339429215660639E-07
   -0.52496521945667556550E+01    -0.50778475341158229212E-06
   -0.52522734280466298728E+01     0.25068394195784699266E-07
   -0.52548878086207006806E+01    -0.50223422121293554030E-06
   -0.52574953720277815479E+01     0.25068447910755716441E-07
   -0.52600961537278389144E+01    -0.49676996536183938783E-06
   -0.52626901889048855519E+01     0.25068500600946044281E-07
   -0.52652775124698364968E+01    -0.49139020699918247609E-06
   -0.52678581590633281315E+01     0.25068552292328162115E-07
   -0.52704321630585009834E+01    -0.48609321287656752529E-06
   -0.52729995585637468020E+01     0.25068603010061148925E-07
   -0.52755603794254204616E+01    -0.48087729396010248086E-06
   -0.52781146592305172290E+01     0.25068652778520792193E-07
   -0.52806624313093159261E+01    -0.47574080408380163094E-06
   -0.52832037287379885068E+01     0.25068701621328417677E-07
   -0.52857385843411765594E+01    -0.47068213865059231974E-06
   -0.52882670306945352363E+01     0.25068749561378501193E-07
   -0.52907891001272451037E+01    -0.46569973337901352861E-06
   -0.52933048247244923954E+01     0.25068796620865120269E-07
   -0.52958142363299181471E+01    -0.46079206309377871084E-06
   -0.52983173665480366775E+01     0.25068842821307300471E-07
   -0.53008142467466238764E+01    -0.45595764055845709682E-06
   -0.53033049080590757511E+01     0.25068888183573308353E-07
   -0.53057893813867376726E+01    -0.45119501534860546598E-06
   -0.53082676974012047603E+01     0.25068932727903940275E-07
   -0.53107398865465938308E+01    -0.44650277276375632976E-06
   -0.53132059790417873323E+01     0.25068976473934853761E-07
   -0.53156660048826496790E+01    -0.44187953277673879380E-06
   -0.53181199938442163905E+01     0.25069019440717985712E-07
   -0.53205679754828564363E+01    -0.43732394901887526026E-06
   -0.53230099791384081785E+01     0.25069061646742099454E-07
   -0.53254460339362892973E+01    -0.43283470779966077763E-06
   -0.53278761687895810802E+01     0.25069103109952500536E-07
   -0.53303004124010874463E+01    -0.42841052715959241681E-06
   -0.53327187932653690736E+01     0.25069143847769959089E-07
   -0.53351313396707529887E+01    -0.42405015595487371145E-06
   -0.53375380797013179737E+01     0.25069183877108874722E-07
   -0.53399390412388561392E+01    -0.41975237297277410193E-06
   -0.53423342519648110041E+01     0.25069223214394718063E-07
   -0.53447237393621924216E+01    -0.41551598607647560822E-06
   -0.53471075307174686805E+01     0.25069261875580781401E-07
   -0.53494856531224361082E+01    -0.41133983137828876617E-06
   -0.53518581334760664957E+01     0.25069299876164269230E-07
   -0.53542249984863326602E+01    -0.40722277244016732053E-06
   -0.53565862746720124530E+01     0.25069337231201757999E-07
   -0.53589419883644715200E+01    -0.40316369950049639932E-06
   -0.53612921657094251127E+01     0.25069373955324052924E-07
   -0.53636368326686792444E+01    -0.39916152872617201205E-06
   -0.53659760150218514827E+01     0.25069410062750468340E-07
   -0.53683097383680716621E+01    -0.39521520148903082623E-06
   -0.53706380281276627981E+01     0.25069445567302556807E-07
   -0.53729609095438024783E+01    -0.39132368366572838579E-06
   -0.53752784076841650024E+01     0.25069480482417310936E-07
   -0.53775905474425445373E+01    -0.38748596496020133711E-06
   -0.53798973535404595510E+01     0.25069514821159860761E-07
   -0.53821988505287387838E+01    -0.38370105824788491505E-06
   -0.53844950627890890098E+01     0.25069548596235688375E-07
   -0.53867860145356448414E+01    -0.37996799894089099817E-06
   -0.53890717298165008205E+01     0.25069581820002380529E-07
   -0.53913522325152260406E+01    -0.37628584437338455169E-06
   -0.53936275463523615375E+01     0.25069614504480938880E-07
   -0.53958976948869006836E+01    -0.37265367320642731474E-06
   -0.53981627015177528163E+01     0.25069646661366666679E-07
   -0.54004225894851903287E+01    -0.36907058485158722848E-06
   -0.54026773818722794452E+01     0.25069678302039649761E-07
   -0.54049271016062949035E+01    -0.36553569891264041262E-06
   -0.54071717714601187586E+01     0.25069709437574848911E-07
   -0.54094114140536235230E+01    -0.36204815464471954514E-06
   -0.54116460518550398522E+01     0.25069740078751819838E-07
   -0.54138757071823089838E+01    -0.35860711043028834489E-06
   -0.54161004022044201320E+01     0.25069770236064076269E-07
   -0.54183201589427330385E+01    -0.35521174327134655824E-06
   -0.54205349992722858780E+01     0.25069799919728110933E-07
   -0.54227449449230887108E+01    -0.35186124829729346450E-06
   -0.54249500174814026750E+01     0.25069829139692088556E-07
   -0.54271502383910051063E+01    -0.34855483828790049242E-06
   -0.54293456289544407702E+01     0.25069857905644224303E-07
   -0.54315362103342593898E+01    -0.34529174321086513193E-06
   -0.54337220035542396484E+01     0.25069886227020860523E-07
   -0.54359030295005998450E+01    -0.34207120977343897837E-06
   -0.54380793089231953748E+01     0.25069914113014254053E-07
   -0.54402508624367032090E+01    -0.33889250098764250551E-06
   -0.54424177105217935406E+01     0.25069941572580085799E-07
   -0.54445798735262887647E+01    -0.33575489574859807110E-06
   -0.54467373716663099554E+01     0.25069968614444703758E-07
   -0.54488902250274110025E+01    -0.33265768842553075444E-06
   -0.54510384535657005653E+01     0.25069995247112110177E-07
   -0.54531820771089520021E+01    -0.32960018846500394829E-06
   -0.54553211153577014283E+01     0.25070021478870703049E-07
   -0.54574555878863340554E+01    -0.32658172000597321293E-06
   -0.54595855141441589614E+01     0.25070047317799781704E-07
   -0.54617109134564724394E+01    -0.32360162150625778265E-06
   -0.54638318050256100695E+01     0.25070072771775825809E-07
   -0.54659482079319876581E+01    -0.32065924538004432802E-06
   -0.54680601411351311856E+01     0.25070097848478556702E-07
   -0.54701676234746958998E+01    -0.31775395764605215048E-06
   -0.54722706736714746948E+01     0.25070122555396789575E-07
   -0.54743693103283959075E+01    -0.31488513758600294930E-06
   -0.54764635519315106670E+01     0.25070146899834084663E-07
   -0.54785534168509699257E+01    -0.31205217741305168347E-06
   -0.54806389233419913037E+01     0.25070170888914205244E-07
   -0.54827200895458158710E+01    -0.30925448194984787690E-06
   -0.54847969334906549955E+01     0.25070194529586389897E-07
   -0.54868694730926273779E+01    -0.30649146831590901276E-06
   -0.54889377261566863975E+01     0.25070217828630446179E-07
   -0.54910017103775378873E+01    -0.30376256562399945279E-06
   -0.54930614433405484570E+01     0.25070240792661672549E-07
   -0.54951169425226444813E+01    -0.30106721468521962510E-06
   -0.54971682252932018676E+01     0.25070263428135615078E-07
   -0.54992153089149267160E+01    -0.29840486772252106989E-06
   -0.55012582105447269848E+01     0.25070285741352665239E-07
   -0.55032969472345752693E+01    -0.29577498809237333739E-06
   -0.55053315359323628047E+01     0.25070307738462504741E-07
   -0.55073619934827447980E+01    -0.29317705001431871618E-06
   -0.55093883366279771961E+01     0.25070329425468403200E-07
   -0.55114105820087449920E+01    -0.29061053830816035126E-06
   -0.55134287461649821742E+01     0.25070350808231374134E-07
   -0.55154428455366834170E+01    -0.28807494813853850765E-06
   -0.55174528964647076149E+01     0.25070371892474194559E-07
   -0.55194589151915733559E+01    -0.28556978476665856381E-06
   -0.55214609178622464332E+01     0.25070392683785293274E-07
