   -0.69314718055994530942E+00    -0.21289285299922271764E+00
   -0.91629073187415506518E+00     0.11656028189655819287E+00
   -0.10986122886681096914E+01     0.21172142389293256726E+00
   -0.12527629684953679957E+01    -0.85238054567594726393E-01
   -0.13862943611198906188E+01     0.12164617184034090089E+00
   -0.15040773967762740734E+01     0.21103747726046450651E+00
   -0.16094379124341003746E+01    -0.27841384127632528456E-01
   -0.17047480922384252346E+01     0.12393810368543372159E+00
   -0.17917594692280550008E+01     0.21717023741804932934E+00
   -0.18718021769015914266E+01     0.17454694988220284924E-03
   -0.19459101490553133051E+01     0.10818539468958434334E+00
   -0.20149030205422647566E+01     0.21531085204625341523E+00
   -0.20794415416798359283E+01     0.25633678680171061659E-01
   -0.21400661634962707708E+01     0.12786716875470374009E+00
   -0.21972245773362193828E+01     0.21960358869818148696E+00
   -0.22512917986064951506E+01     0.35837853106490016714E-01
   -0.23025850929940456840E+01     0.11112837447489651914E+00
   -0.23513752571634776871E+01     0.21766981124657232857E+00
   -0.23978952727983705441E+01     0.51313440506853798318E-01
   -0.24423470353692043814E+01     0.13116883033970246215E+00
   -0.24849066497880003102E+01     0.22090276062941770421E+00
   -0.25257286443082554398E+01     0.55577028311412851496E-01
   -0.25649493574615367361E+01     0.11332883282916900667E+00
   -0.26026896854443837648E+01     0.21912209196950755311E+00
   -0.26390573296152586145E+01     0.66428353688365085636E-01
   -0.26741486494265287178E+01     0.14360742280543361525E+00
   -0.27080502011022100660E+01     0.13953748179521479764E+00
   -0.27408400239252009365E+01     0.94665027471836120034E-01
   -0.27725887222397812377E+01     0.13751774095000212560E+00
   -0.28033603809065349260E+01     0.13746304445049599504E+00
   -0.28332133440562160802E+01     0.93110404805043136831E-01
   -0.28622008809294683703E+01     0.13610944649459479202E+00
   -0.28903717578961646922E+01     0.13271102456591544943E+00
   -0.29177707320842791350E+01     0.95283086187011096135E-01
   -0.29444389791664404600E+01     0.13240717009806663147E+00
   -0.29704144655697011180E+01     0.13186459337294855209E+00
   -0.29957322735539909934E+01     0.94916906705421834026E-01
   -0.30204248861443624944E+01     0.13174254530672371326E+00
   -0.30445224377234229965E+01     0.12930097271215626816E+00
   -0.30680529351336171141E+01     0.96871112645929125817E-01
   -0.30910424533583158535E+01     0.12952412719218448307E+00
   -0.31135153092103744480E+01     0.12898549357597068635E+00
   -0.31354942159291496908E+01     0.97186527753388962486E-01
   -0.31570004211501132774E+01     0.12923602484197184466E+00
   -0.31780538303479456196E+01     0.12768920670348534748E+00
   -0.31986731175506813008E+01     0.98880612524379458516E-01
   -0.32188758248682007492E+01     0.12796821121354657088E+00
   -0.32386784521643804622E+01     0.12759627973703051640E+00
   -0.32580965380214820455E+01     0.99592348076608668470E-01
   -0.32771447329921765247E+01     0.12786419051116883446E+00
   -0.32958368660043290742E+01     0.12706929068391149532E+00
   -0.33141860046725256092E+01     0.10103279569237093627E+00
   -0.33322045101752039239E+01     0.12722195327358281230E+00
   -0.33499040872746048420E+01     0.12705631334874069135E+00
   -0.33672958299864740272E+01     0.10197460118149907108E+00
   -0.33843902633457741412E+01     0.12719976362275041248E+00
   -0.34011973816621553754E+01     0.12701231412770124618E+00
   -0.34177266836133659393E+01     0.10318540304386285651E+00
   -0.34339872044851462459E+01     0.12697836041899076416E+00
   -0.34499875458315873785E+01     0.12701235912727761339E+00
   -0.34657359027997265471E+01     0.10425750351391694607E+00
   -0.34812400893356918012E+01     0.12698338533200295965E+00
   -0.34965075614664802355E+01     0.12727869592439175696E+00
   -0.35115454388310207503E+01     0.10526716306249674887E+00
   -0.35263605246161613897E+01     0.12704992968656473828E+00
   -0.35409593240373140728E+01     0.12726102771432622138E+00
   -0.35553480614894136797E+01     0.10640828041554598169E+00
   -0.35695326964813701119E+01     0.12705329273450976552E+00
   -0.35835189384561100016E+01     0.12772954306778853240E+00
   -0.35973122605884458197E+01     0.10724449975047435935E+00
   -0.36109179126442244444E+01     0.12731924856431725692E+00
   -0.36243409329763651312E+01     0.12768124398316222440E+00
   -0.36375861597263857694E+01     0.10841636931557348712E+00
   -0.36506582412937385398E+01     0.12730623440994356661E+00
   -0.36635616461296464274E+01     0.12828207382860190058E+00
   -0.36763006719070761848E+01     0.10910409346264271480E+00
   -0.36888794541139363029E+01     0.12771126752030272189E+00
   -0.37013019741124934562E+01     0.12819909611578351289E+00
   -0.37135720667043078039E+01     0.11028258628184073901E+00
   -0.37256934272366526141E+01     0.12767503527891126381E+00
   -0.37376696182833683059E+01     0.12888597947991288350E+00
   -0.37495040759303711454E+01     0.11084350209562959662E+00
   -0.37612001156935624235E+01     0.12817722808431340048E+00
   -0.37727609380946384092E+01     0.12876864090823574656E+00
   -0.37841896339182611629E+01     0.11201337167922959655E+00
   -0.37954891891721945289E+01     0.12811532039839725847E+00
   -0.38066624897703197574E+01     0.12951032903258264699E+00
   -0.38177123259569047317E+01     0.11246601258745237995E+00
   -0.38286413964890950002E+01     0.12868506835339552362E+00
   -0.38394523125933106279E+01     0.12936099546860410195E+00
   -0.38501476017100585868E+01     0.11361769914827672540E+00
   -0.38607297110405955252E+01     0.12859743815933720102E+00
   -0.38712010109078909291E+01     0.13013604484056162961E+00
   -0.38815637979434375127E+01     0.11397777533821524158E+00
   -0.38918202981106266102E+01     0.12921354194145578895E+00
   -0.39019726695746446174E+01     0.12995792615423889015E+00
   -0.39120230054281460586E+01     0.11510541418272134095E+00
   -0.39219733362813141415E+01     0.12910142323393408328E+00
   -0.39318256327243257716E+01     0.13075144417082957365E+00
   -0.39415818076696904614E+01     0.11538619987265932524E+00
   -0.39512437185814273549E+01     0.12974852743366611289E+00
   -0.39608131695975780617E+01     0.13054797160247467596E+00
   -0.39702919135521218341E+01     0.11648635397017977331E+00
   -0.39796816539019608639E+01     0.12961378509675210726E+00
   -0.39889840465642743836E+01     0.13134952786048713889E+00
   -0.39982007016691983910E+01     0.11669906054532398442E+00
   -0.40073331852324709187E+01     0.13028066380328292063E+00
   -0.40163830207523888263E+01     0.13112404049052085671E+00
   -0.40253516907351492334E+01     0.11776989927394489988E+00
   -0.40342406381523952592E+01     0.13012541994010514364E+00
   -0.40430512678345501514E+01     0.13192629478522520357E+00
   -0.40517849478033047560E+01     0.11792400759142488328E+00
   -0.40604430105464193366E+01     0.13080380735145504476E+00
   -0.40690267542378108094E+01     0.13168189185818838452E+00
   -0.40775374439057194506E+01     0.11896476634137817179E+00
   -0.40859763125515840759E+01     0.13063022923076163551E+00
   -0.40943445622221006848E+01     0.13247967446680873894E+00
   -0.41026433650367957787E+01     0.11906831156369664441E+00
   -0.41108738641733112488E+01     0.13131400838422539599E+00
   -0.41190371748124721858E+01     0.13221915663731987844E+00
   -0.41271343850450915553E+01     0.12007893152855607885E+00
   -0.41351665567423558144E+01     0.13112419163773574099E+00
   -0.41431347263915326879E+01     0.13300884065824489821E+00
   -0.41510399058986459636E+01     0.12013874243053038863E+00
   -0.41588830833596718565E+01     0.13180882292899390791E+00
   -0.41666652238017268055E+01     0.13273469821329341147E+00
   -0.41743872698956371107E+01     0.12111962796227133272E+00
   -0.41820501426412062347E+01     0.13160473106329877757E+00
   -0.41896547420264255449E+01     0.13351376439302316224E+00
   -0.41972019476618084557E+01     0.12114152588735608666E+00
   -0.42046926193909660597E+01     0.13228684409583199441E+00
   -0.42121275978784841394E+01     0.13322818937551907596E+00
   -0.42195077051761066991E+01     0.12209337970322109296E+00
   -0.42268337452681796059E+01     0.13207028119041856455E+00
   -0.42341065045972593822E+01     0.13399492014150891240E+00
   -0.42413267525707464478E+01     0.12208234313036255094E+00
   -0.42484952420493589891E+01     0.13274737962468704093E+00
   -0.42556127098182229688E+01     0.13369982965981400281E+00
   -0.42626798770413154213E+01     0.12300605374940507769E+00
   -0.42696974496999619707E+01     0.13251998235101330739E+00
   -0.42766661190160553110E+01     0.13445309131704880865E+00
   -0.42835865618606290924E+01     0.12296635416053204464E+00
   -0.42904594411483911291E+01     0.13319022805270540191E+00
   -0.42972854062187909922E+01     0.13415015508884762084E+00
   -0.43040650932041697538E+01     0.12386291877903251229E+00
   -0.43107991253855138316E+01     0.13295346865574951017E+00
   -0.43174881135363104406E+01     0.13488924107070250421E+00
   -0.43241326562549790194E+01     0.12379823284825409143E+00
   -0.43307333402863310788E+01     0.13361552222194138408E+00
   -0.43372907408324901536E+01     0.13457990948387835903E+00
   -0.43438054218536838492E+01     0.12466870449530541823E+00
   -0.43502779363593013111E+01     0.13337071741817804275E+00
   -0.43567088266895917369E+01     0.13530442645152154863E+00
   -0.43630986247883627480E+01     0.12458220685781991064E+00
   -0.43694478524670214942E+01     0.13402361926609369285E+00
   -0.43757570216602862161E+01     0.13498995724546950794E+00
   -0.43820266346738816123E+01     0.12542765832139876077E+00
   -0.43882571844245176865E+01     0.13377194202349748704E+00
   -0.43944491546724387656E+01     0.13569974162375214873E+00
   -0.44006030202468170246E+01     0.12532209845515531526E+00
   -0.44067192472642531133E+01     0.13441502298399921498E+00
   -0.44127982933406353006E+01     0.13538122431584226102E+00
   -0.44188406077965979235E+01     0.12614359786748960353E+00
   -0.44248466318568097978E+01     0.13415751537968806219E+00
   -0.44308167988433136153E+01     0.13607628068636319931E+00
   -0.44367515343631281627E+01     0.12602136398352324817E+00
   -0.44426512564903164549E+01     0.13479032896884524742E+00
   -0.44485163759427145334E+01     0.13575465843359402018E+00
   -0.44543472962535077329E+01     0.12681995855194950163E+00
   -0.44601444139378336375E+01     0.13452791507497827844E+00
   -0.44659081186545837186E+01     0.13643511377978115694E+00
   -0.44716387933635687449E+01     0.12668313085139709616E+00
   -0.44773368144782064723E+01     0.13515018584107536813E+00
   -0.44830025520138838326E+01     0.13611120266987355853E+00
   -0.44886363697321398383E+01     0.12745983629757571650E+00
   -0.44942386252808096868E+01     0.13488368405321176445E+00
   -0.44998096703302650668E+01     0.13677727222198510082E+00
   -0.45053498507058804374E+01     0.12731023150928427775E+00
   -0.45108595065168500412E+01     0.13549526794634814393E+00
   -0.45163389722814756307E+01     0.13645177814298020629E+00
   -0.45217885770490403096E+01     0.12806602551331069230E+00
   -0.45272086445183795096E+01     0.13522540245196360334E+00
   -0.45325994931532559373E+01     0.13710373978019941709E+00
   -0.45379614362946413149E+01     0.12790523426398908218E+00
   -0.45432947822700038962E+01     0.13582625625584309813E+00
   -0.45485998344996970699E+01     0.13677727308761830410E+00
   -0.45538768916005408346E+01     0.12864105271486309186E+00
   -0.45591262474866845634E+01     0.13555366751229898812E+00
   -0.45643481914678362385E+01     0.13741544809850213764E+00
   -0.45695430083449402424E+01     0.12847047099083869891E+00
   -0.45747109785033828221E+01     0.13614382515615804464E+00
   -0.45798523780038014926E+01     0.13708853632180211238E+00
   -0.45849674786705719196E+01     0.12918720619538939135E+00
   -0.45900565481780431974E+01     0.13586907934931335940E+00
   -0.45951198501345899269E+01     0.13771327492001233744E+00
   -0.46001576441645470860E+01     0.12900806191891507776E+00
   -0.46051701859880913680E+01     0.13644863347806995714E+00
   -0.46101577274991304416E+01     0.13738637374723382335E+00
   -0.46151205168412594509E+01     0.12970656216675084538E+00
   -0.46200587984818420229E+01     0.13617223099121180997E+00
   -0.46249728132842710811E+01     0.13799804416412558894E+00
   -0.46298627985784628691E+01     0.12951993771973590211E+00
   -0.46347289882296357708E+01     0.13674131857879363329E+00
   -0.46395716127054237642E+01     0.13767154692788297919E+00
   -0.46443908991413726643E+01     0.13020100777488862527E+00
   -0.46491870714048656947E+01     0.13646370153312346778E+00
   -0.46539603501575233711E+01     0.13827052720911578764E+00
   -0.46587109529161211863E+01     0.13000785914991158831E+00
   -0.46634390941120671436E+01     0.13702249262208056795E+00
   -0.46681449851494798033E+01     0.13794477307566856750E+00
   -0.46728288344619061733E+01     0.13067226136269358243E+00
   -0.46774908475677174887E+01     0.13674405156500833052E+00
   -0.46821312271242196930E+01     0.13853144493084967576E+00
   -0.46867501729805142416E+01     0.13047343449783492392E+00
   -0.46913478822291437004E+01     0.13729274043578510828E+00
   -0.46959245492565555111E+01     0.13820672597094428395E+00
   -0.47004803657924162281E+01     0.13112189031810211136E+00
   -0.47050155209578075069E+01     0.13701382025829781649E+00
   -0.47095302013123341358E+01     0.13878147018767962615E+00
   -0.47140245909001734492E+01     0.13091813507256816395E+00
   -0.47184988712950945428E+01     0.13755261849552864611E+00
   -0.47229532216444748226E+01     0.13845803748535881491E+00
   -0.47273878187123405686E+01     0.13155132680845184536E+00
   -0.47318028369214573656E+01     0.13727352365903880943E+00
   -0.47361984483944954608E+01     0.13902123053882161678E+00
   -0.47405748229942943390E+01     0.13134330895538812067E+00
   -0.47449321283632500654E+01     0.13780265470520490305E+00
   -0.47492705299618482311E+01     0.13869929947354777826E+00
   -0.47535901911063646460E+01     0.13196188166681403099E+00
   -0.47578912730057552559E+01     0.13752365385413837872E+00
   -0.47621739347977561188E+01     0.13925131105159665709E+00
   -0.47664383335842136520E+01     0.13175019321433184492E+00
   -0.47706846244656647600E+01     0.13804334873376665475E+00
   -0.47749129605751858762E+01     0.13893106587029273574E+00
   -0.47791234931115293854E+01     0.13235475666331942300E+00
   -0.47833163713715653575E+01     0.13776467876433161751E+00
   -0.47874917427820459942E+01     0.13947225710064281582E+00
   -0.47916497529307096860E+01     0.13213992476156631145E+00
   -0.47957905455967410881E+01     0.13827517273245998619E+00
   -0.47999142627806031476E+01     0.13915385487973090130E+00
   -0.48040210447332565582E+01     0.13273105536493752047E+00
   -0.48081110299847816754E+01     0.13799704238153857512E+00
   -0.48121843553724174953E+01     0.13968457709567455571E+00
   -0.48162411560680318866E+01     0.13251355001363034545E+00
   -0.48202815656050368648E+01     0.13849857230409465388E+00
   -0.48243057159047623055E+01     0.13936815117881082150E+00
   -0.48283137373023011238E+01     0.13309179276087023035E+00
   -0.48323057585718385768E+01     0.13822116531560954122E+00
   -0.48362819069514779973E+01     0.13988874509779727152E+00
   -0.48402423081675749255E+01     0.13287203349617248148E+00
   -0.48441870864585912730E+01     0.13871396763080083071E+00
   -0.48481163645984808368E+01     0.13957440808259201850E+00
   -0.48520302639196171659E+01     0.13343790380756789520E+00
   -0.48559289043352744889E+01     0.13843744555057165306E+00
   -0.48598124043616721149E+01     0.14008520330072502251E+00
   -0.48636808811395924401E+01     0.13321626551801066508E+00
   -0.48675344504555824201E+01     0.13892175469241889720E+00
   -0.48713732267627481006E+01     0.13977304963708959757E+00
   -0.48751973232011515441E+01     0.13377025102713814523E+00
   -0.48790068516178192417E+01     0.13864625933662083193E+00
   -0.48828019225863708543E+01     0.14027436436456796485E+00
   -0.48865826454262768993E+01     0.13354706902424621444E+00
   -0.48903491282217537651E+01     0.13912230652664628676E+00
   -0.48941014778403042203E+01     0.13996447261823066783E+00
   -0.48978397999509113691E+01     0.13408963127531529832E+00
   -0.49015641990418937968E+01     0.13884796216359905464E+00
   -0.49052747784384294488E+01     0.14045661359761335848E+00
   -0.49089716403197555907E+01     0.13386520572473742049E+00
   -0.49126548857360520085E+01     0.13931597449609637374E+00
   -0.49163246146250144231E+01     0.14014904842458814040E+00
   -0.49199809258281249153E+01     0.13439678177989667570E+00
   -0.49236239171066259838E+01     0.13904288977627052826E+00
   -0.49272536851572046916E+01     0.14063231098675532556E+00
   -0.49308703256273931905E+01     0.13417138158237663521E+00
   -0.49344739331306917572E+01     0.13950308953780052600E+00
   -0.49380646012614203193E+01     0.14032712485794178459E+00
   -0.49416424226093042985E+01     0.13469238553734804200E+00
   -0.49452074887738004557E+01     0.13923135920261757245E+00
   -0.49487598903781682782E+01     0.14080179308067007278E+00
   -0.49522997170832923152E+01     0.13446625173518702681E+00
   -0.49558270576012607307E+01     0.13968396337835139324E+00
   -0.49593419997087052166E+01     0.14049902779014339329E+00
   -0.49628446302599072801E+01     0.13497707614386963763E+00
   -0.49663350351996757996E+01     0.13941366977454389234E+00
   -0.49698132995760006205E+01     0.14096537473201035630E+00
   -0.49732795075524868511E+01     0.13475042491711873841E+00
   -0.49767337424205744018E+01     0.13985888970353888556E+00
   -0.49801760866115472041E+01     0.14066506271777893427E+00
   -0.49836066217083364385E+01     0.13525144212735856063E+00
   -0.49870254284571219965E+01     0.13959010412648524407E+00
   -0.49904325867787363016E+01     0.14112335070618114962E+00
   -0.49938281757798745158E+01     0.13502446743443703135E+00
   -0.49972122737641150632E+01     0.14002814527548396227E+00
   -0.50005849582427543088E+01     0.14082551620812119917E+00
   -0.50039463059454591410E+01     0.13551603083819090659E+00
   -0.50072963928307411174E+01     0.13976092916199539402E+00
   -0.50106352940962557500E+01     0.14127599716492666095E+00
   -0.50139630841889304192E+01     0.13528890674762242463E+00
   -0.50172798368149243288E+01     0.14019199099331032526E+00
   -0.50205856249494238329E+01     0.14098065724113874655E+00
   -0.50238805208462763883E+01     0.13577135194939239637E+00
   -0.50271645960474663139E+01     0.13992639698177973692E+00
   -0.50304379213924354630E+01     0.14142357303319961272E+00
   -0.50337005670272518442E+01     0.13554423470262075194E+00
   -0.50369526024136291586E+01     0.14035067289559390559E+00
   -0.50401940963378001527E+01     0.14113073845307951905E+00
   -0.50434251169192466205E+01     0.13601788061040767447E+00
   -0.50466457316192888248E+01     0.14008674576917554678E+00
   -0.50498560072495370463E+01     0.14156632125773485623E+00
   -0.50530560099802079073E+01     0.13579091044997731953E+00
   -0.50562458053483080574E+01     0.14050442310440623849E+00
   -0.50594254582656877531E+01     0.14127599728753220731E+00
   -0.50625950330269668036E+01     0.13625606029317634053E+00
   -0.50657545933173353048E+01     0.14024220063094135672E+00
   -0.50689042022202315255E+01     0.14170446996550936772E+00
   -0.50720439222248992618E+01     0.13602936308576401589E+00
   -0.50751738152338269217E+01     0.14065346071187877213E+00
   -0.50782939425700705553E+01     0.14141665705999569971E+00
   -0.50814043649844629959E+01     0.13648630536445776047E+00
   -0.50845051426627112308E+01     0.14039297439258039952E+00
   -0.50875963352323840750E+01     0.14183823352990947819E+00
   -0.50906780017697921758E+01     0.13625999404417304881E+00
   -0.50937502008067623341E+01     0.14079799261097958470E+00
   -0.50968129903373080824E+01     0.14155292794193709989E+00
   -0.50998664278241984227E+01     0.13670900341421344590E+00
   -0.51029105702054265825E+01     0.14053926834840690331E+00
   -0.51059454739005806101E+01     0.14196781355199335461E+00
   -0.51089711948171175914E+01     0.13648317926812858088E+00
   -0.51119877883565432329E+01     0.14093821427270109217E+00
   -0.51149953094204985177E+01     0.14168500787015006948E+00
   -0.51179938124167551073E+01     0.13692451736626669543E+00
   -0.51209833512651211249E+01     0.14068127296726218584E+00
   -0.51239639794032589248E+01     0.14209339976376700139E+00
   -0.51269357497924164151E+01     0.13669927118119036398E+00
   -0.51298987149230734721E+01     0.14107431047217420165E+00
   -0.51328529268205049506E+01     0.14181308338697976868E+00
   -0.51357984370502617643E+01     0.13713318739433838740E+00
   -0.51387352967235714806E+01     0.14081916855527043923E+00
   -0.51416635565026598428E+01     0.14221517085990943484E+00
   -0.51445832666059946059E+01     0.13690860048133280659E+00
   -0.51474944768134530423E+01     0.14120645596640150032E+00
   -0.51503972364714144474E+01     0.14193733041668869448E+00
   -0.51532915944977789469E+01     0.13733533266384036217E+00
   -0.51561775993869138829E+01     0.14095312587734546643E+00
   -0.51590552992145290280E+01     0.14233329526390354982E+00
   -0.51619247416424818538E+01     0.13711147777482779263E+00
   -0.51647859739235140543E+01     0.14133481612637747264E+00
   -0.51676390429059205008E+01     0.14205791498292084518E+00
   -0.51704839950381517817E+01     0.13753125291743815945E+00
   -0.51733208763733514580E+01     0.14108330673936023519E+00
   -0.51761497325738291420E+01     0.14244793183406436658E+00
   -0.51789706089154704865E+01     0.13730819506639587682E+00
   -0.51817835502920851477E+01     0.14145954752636600057E+00
   -0.51845886012196937673E+01     0.14217499387189509749E+00
   -0.51873858058407549962E+01     0.13772122992032540715E+00
   -0.51901752079283335636E+01     0.14120986453300203826E+00
   -0.51929568508902103762E+01     0.14255923051451267952E+00
   -0.51957307777729356106E+01     0.13749902711998002741E+00
   -0.51984970312658257468E+01     0.14158079849305599629E+00
   -0.52012556537049054701E+01     0.14228871524563303750E+00
   -0.52040066870767953506E+01     0.13790552877934215024E+00
   -0.52067501730225461943E+01     0.14133294474538095818E+00
   -0.52094861528414209401E+01     0.14266733293572367945E+00
   -0.52122146674946249622E+01     0.13768423270290585406E+00
   -0.52149357576089856191E+01     0.14169870961723103502E+00
   -0.52176494634805818772E+01     0.14239921920920890416E+00
   -0.52203558250783248190E+01     0.13808439914848393884E+00
   -0.52230548820474898298E+01     0.14145268543545624075E+00
   -0.52257466737132012467E+01     0.14277237296888895786E+00
   -0.52284312390838702319E+01     0.13786405572479369954E+00
   -0.52311086168545866243E+01     0.14181341423048030915E+00
   -0.52337788454104655058E+01     0.14250663833570447480E+00
   -0.52364419628299492057E+01     0.13825807633195760838E+00
   -0.52390980068880654538E+01     0.14156921767930776811E+00
   -0.52417470150596423793E+01     0.14287447723796712159E+00
   -0.52443890245224810384E+01     0.13803872628135640346E+00
   -0.52470240721604861440E+01     0.14192503884935503611E+00
   -0.52496521945667556550E+01     0.14261109815226254602E+00
   -0.52522734280466298728E+01     0.13842678229471765790E+00
   -0.52548878086207006806E+01     0.14168266598621846143E+00
   -0.52574953720277815479E+01     0.14297376559296280599E+00
   -0.52600961537278389144E+01     0.13820846161213061152E+00
   -0.52626901889048855519E+01     0.14203370358924319860E+00
   -0.52652775124698364968E+01     0.14271271759036075306E+00
   -0.52678581590633281315E+01     0.13859072658934185087E+00
   -0.52704321630585009834E+01     0.14179314868745597171E+00
   -0.52729995585637468020E+01     0.14307035154766531181E+00
   -0.52755603794254204616E+01     0.13837346698023072428E+00
   -0.52781146592305172290E+01     0.14213952255010098440E+00
   -0.52806624313093159261E+01     0.14281160940317352805E+00
   -0.52832037287379885068E+01     0.13875010720715709339E+00
   -0.52857385843411765594E+01     0.14190077829955432361E+00
   -0.52882670306945352363E+01     0.14316434268479514629E+00
   -0.52907891001272451037E+01     0.13853393648136694773E+00
   -0.52933048247244923954E+01     0.14224260417604498285E+00
   -0.52958142363299181471E+01     0.14290788055265408385E+00
   -0.52983173665480366775E+01     0.13890511136069038408E+00
   -0.53008142467466238764E+01     0.14200566186380266355E+00
   -0.53033049080590757511E+01     0.14325584103124793298E+00
   -0.53057893813867376726E+01     0.13869005378861855133E+00
   -0.53082676974012047603E+01     0.14234305159067753791E+00
   -0.53107398865465938308E+01     0.14300163256875004999E+00
   -0.53132059790417873323E+01     0.13905591620378052453E+00
   -0.53156660048826496790E+01     0.14210790126355218504E+00
   -0.53181199938442163905E+01     0.14334494340588885935E+00
   -0.53205679754828564363E+01     0.13884199283878831754E+00
   -0.53230099791384081785E+01     0.14244096290989033651E+00
   -0.53254460339362892973E+01     0.14309296188296511650E+00
   -0.53278761687895810802E+01     0.13920268949503209664E+00
   -0.53303004124010874463E+01     0.14220759352085604542E+00
   -0.53327187932653690736E+01     0.14343174174213541087E+00
   -0.53351313396707529887E+01     0.13898991846557382751E+00
   -0.53375380797013179737E+01     0.14253643153376944085E+00
   -0.53399390412388561392E+01     0.14318196013829391328E+00
   -0.53423342519648110041E+01     0.13934559020971337256E+00
   -0.53447237393621924216E+01     0.14230483107386236387E+00
   -0.53471075307174686805E+01     0.14351632338736996510E+00
   -0.53494856531224361082E+01     0.13913398698426658002E+00
   -0.53518581334760664957E+01     0.14262954641910924096E+00
   -0.53542249984863326602E+01     0.14326871447738741437E+00
   -0.53565862746720124530E+01     0.13948476910468515221E+00
   -0.53589419883644715200E+01     0.14239970203628840607E+00
   -0.53612921657094251127E+01     0.14359877138104531452E+00
   -0.53636368326686792444E+01     0.13927434673222307364E+00
   -0.53659760150218514827E+01     0.14272039233393358101E+00
   -0.53683097383680716621E+01     0.14335330781065040869E+00
   -0.53706380281276627981E+01     0.13962036924049006663E+00
   -0.53729609095438024783E+01     0.14249229044021563635E+00
   -0.53752784076841650024E+01     0.14367916471318384916E+00
   -0.53775905474425445373E+01     0.13941113856893600252E+00
   -0.53798973535404595510E+01     0.14280905009531974170E+00
   -0.53821988505287387838E+01     0.14343581906583000843E+00
   -0.53844950627890890098E+01     0.13975252646432472892E+00
   -0.53867860145356448414E+01     0.14258267646336098065E+00
   -0.53890717298165008205E+01     0.14375757856482355090E+00
   -0.53913522325152260406E+01     0.13954449633916260892E+00
   -0.53936275463523615375E+01     0.14289559679172501490E+00
   -0.53958976948869006836E+01     0.14351632342052377969E+00
   -0.53981627015177528163E+01     0.13988136985725424095E+00
   -0.54004225894851903287E+01     0.14267093664189970130E+00
   -0.54026773818722794452E+01     0.14383408453182981179E+00
   -0.54049271016062949035E+01     0.13967454730223574886E+00
   -0.54071717714601187586E+01     0.14298010599092614378E+00
   -0.54094114140536235230E+01     0.14359489251891691637E+00
   -0.54116460518550398522E+01     0.14000702214870473219E+00
   -0.54138757071823089838E+01     0.14275714406983988277E+00
   -0.54161004022044201320E+01     0.14390875083337017379E+00
   -0.54183201589427330385E+01     0.13980141253038676556E+00
   -0.54205349992722858780E+01     0.14306264793459869715E+00
   -0.54227449449230887108E+01     0.14367159467394902322E+00
   -0.54249500174814026750E+01     0.14012960010098024142E+00
   -0.54271502383910051063E+01     0.14284136858587769125E+00
   -0.54293456289544407702E+01     0.14398164250623827360E+00
   -0.54315362103342593898E+01     0.13992520727864380786E+00
   -0.54337220035542396484E+01     0.14314328972048622325E+00
   -0.54359030295005998450E+01     0.14374649505601166694E+00
   -0.54380793089231953748E+01     0.14024921486629135595E+00
   -0.54402508624367032090E+01     0.14292367694859623825E+00
   -0.54424177105217935406E+01     0.14405282158611253817E+00
   -0.54445798735262887647E+01     0.14004604132863125031E+00
   -0.54467373716663099554E+01     0.14322209547303747575E+00
   -0.54488902250274110025E+01     0.14381965586918708926E+00
   -0.54510384535657005653E+01     0.14036597231855109851E+00
   -0.54531820771089520021E+01     0.14300413300080892626E+00
   -0.54553211153577014283E+01     0.14412234727674357394E+00
   -0.54574555878863340554E+01     0.14016401930838227274E+00
   -0.54595855141441589614E+01     0.14329912650332379623E+00
   -0.54617109134564724394E+01     0.14389113651595560653E+00
   -0.54638318050256100695E+01     0.14047997336198553399E+00
   -0.54659482079319876581E+01     0.14308279782379041798E+00
   -0.54680601411351311856E+01     0.14419027610798087251E+00
   -0.54701676234746958998E+01     0.14027924099008472110E+00
   -0.54722706736714746948E+01     0.14337444145898753845E+00
   -0.54743693103283959075E+01     0.14396099375122355453E+00
   -0.54764635519315106670E+01     0.14059131421841976827E+00
   -0.54785534168509699257E+01     0.14315972988208465555E+00
   -0.54806389233419913037E+01     0.14425666208347363869E+00
   -0.54827200895458158710E+01     0.14039180156750770256E+00
   -0.54847969334906549955E+01     0.14344809646491589990E+00
   -0.54868694730926273779E+01     0.14402928182645453958E+00
   -0.54889377261566863975E+01     0.14070008669493206601E+00
   -0.54910017103775378873E+01     0.14323498515952945478E+00
   -0.54930614433405484570E+01     0.14432155681881152984E+00
   -0.54951169425226444813E+01     0.14050179191470086005E+00
   -0.54971682252932018676E+01     0.14352014525528236086E+00
   -0.54992153089149267160E+01     0.14409605262462364418E+00
   -0.55012582105447269848E+01     0.14080637843341764624E+00
   -0.55032969472345752693E+01     0.14330861728709089309E+00
   -0.55053315359323628047E+01     0.14438500967080823811E+00
   -0.55073619934827447980E+01     0.14060929882741806297E+00
   -0.55093883366279771961E+01     0.14359063929754980865E+00
   -0.55114105820087449920E+01     0.14416135578665657197E+00
   -0.55134287461649821742E+01     0.14091027314346749142E+00
   -0.55154428455366834170E+01     0.14338067766305777945E+00
   -0.55174528964647076149E+01     0.14444706785857357184E+00
   -0.55194589151915733559E+01     0.14071440524859069995E+00
   -0.55214609178622464332E+01     0.14365962790898504781E+00
