    0.00000000000000000000E+00    -0.19322628005510751939E+01
   -0.22314355131420975577E+00     0.42740900859893431873E+00
   -0.40546510810816438198E+00     0.48658100451624606522E+00
   -0.55961578793542268627E+00    -0.11925088736329283717E+01
   -0.69314718055994530942E+00     0.51622405411762711524E+00
   -0.81093021621632876396E+00     0.41526732073944526926E+00
   -0.91629073187415506518E+00    -0.84539982918706437813E+00
   -0.10116009116784799252E+01     0.49495179607717209035E+00
   -0.10986122886681096914E+01     0.51377526336976477363E+00
   -0.11786549963416461172E+01    -0.60719738338973637040E+00
   -0.12527629684953679957E+01     0.51833023308858744581E+00
   -0.13217558399823194472E+01     0.45308165494990760465E+00
   -0.13862943611198906188E+01    -0.41492601473610335129E+00
   -0.14469189829363254614E+01     0.49469930389134178722E+00
   -0.15040773967762740734E+01     0.51515036319224483854E+00
   -0.15581446180465498412E+01    -0.31061620680233963591E+00
   -0.16094379124341003746E+01     0.51686373210277690887E+00
   -0.16582280766035323777E+01     0.46981081928212984456E+00
   -0.17047480922384252346E+01    -0.18964294352366600241E+00
   -0.17491998548092590720E+01     0.49491980355129970591E+00
   -0.17917594692280550008E+01     0.51537919002238445447E+00
   -0.18325814637483101304E+01    -0.13647141013824662143E+00
   -0.18718021769015914266E+01     0.51599175467787112740E+00
   -0.19095425048844384554E+01     0.47942252432640989665E+00
   -0.19459101490553133051E+01    -0.51798847258968940092E-01
   -0.19810014688665834083E+01     0.41838555059503813280E+00
   -0.20149030205422647566E+01     0.31494803661392538886E+00
   -0.20476928433652556271E+01    -0.10677263569531678732E+00
   -0.20794415416798359283E+01     0.39774347113293451708E+00
   -0.21102132003465896166E+01     0.31020006074124662040E+00
   -0.21400661634962707708E+01    -0.88163261804752506682E-01
   -0.21690537003695230609E+01     0.38933954583235640189E+00
   -0.21972245773362193828E+01     0.30177829495091229654E+00
   -0.22246235515243338255E+01    -0.61765429625642651737E-01
   -0.22512917986064951506E+01     0.37856877720265630781E+00
   -0.22772672850097558086E+01     0.30086011444534687120E+00
   -0.23025850929940456840E+01    -0.41929813011518499079E-01
   -0.23272777055844171850E+01     0.37344763778750632872E+00
   -0.23513752571634776871E+01     0.30034127927120290273E+00
   -0.23749057545736718046E+01    -0.20294463924362058490E-01
   -0.23978952727983705441E+01     0.36885376285874365131E+00
   -0.24203681286504291386E+01     0.30067839066049772787E+00
   -0.24423470353692043814E+01    -0.71764546438827490454E-03
   -0.24638532405901679680E+01     0.36546597426263518468E+00
   -0.24849066497880003102E+01     0.30440527198748959811E+00
   -0.25055259369907359914E+01     0.16914547474214641834E-01
   -0.25257286443082554398E+01     0.36478015124197512416E+00
   -0.25455312716044351528E+01     0.30495636542547103641E+00
   -0.25649493574615367361E+01     0.35656538390420639089E-01
   -0.25839975524322312153E+01     0.36227889640591396963E+00
   -0.26026896854443837648E+01     0.31101119559150869815E+00
   -0.26210388241125802998E+01     0.50020345620989942792E-01
   -0.26390573296152586145E+01     0.36409681170923213349E+00
   -0.26567569067146595326E+01     0.31136069133565548682E+00
   -0.26741486494265287178E+01     0.67728599522698269794E-01
   -0.26912430827858288318E+01     0.36202097798879390371E+00
   -0.27080502011022100660E+01     0.31868234812182020952E+00
   -0.27245795030534206299E+01     0.79442332289465668999E-01
   -0.27408400239252009365E+01     0.36545590561357007543E+00
   -0.27568403652716420691E+01     0.31868259276488166422E+00
   -0.27725887222397812377E+01     0.96082335055763213774E-01
   -0.27880929087757464918E+01     0.36355507706997684028E+00
   -0.28033603809065349260E+01     0.32666038452074552261E+00
   -0.28183982582710754408E+01     0.10564426462652147446E+00
   -0.28332133440562160802E+01     0.36803493013423625093E+00
   -0.28478121434773687634E+01     0.32628042431096943148E+00
   -0.28622008809294683703E+01     0.12125336713119984073E+00
   -0.28763855159214248025E+01     0.36617486867749360588E+00
   -0.28903717578961646922E+01     0.33455297271883938622E+00
   -0.29041650800285005103E+01     0.12905968465377558361E+00
   -0.29177707320842791350E+01     0.37132317778739445484E+00
   -0.29311937524164198218E+01     0.33381153711839155873E+00
   -0.29444389791664404600E+01     0.14370469175427126542E+00
   -0.29575110607337932303E+01     0.36943437716175161709E+00
   -0.29704144655697011180E+01     0.34216121206765693587E+00
   -0.29831534913471308753E+01     0.15006990061952464941E+00
   -0.29957322735539909934E+01     0.37499916071659051029E+00
   -0.30081547935525481467E+01     0.34109618235711426431E+00
   -0.30204248861443624944E+01     0.16382710605207957069E+00
   -0.30325462466767073046E+01     0.37304840457248050755E+00
   -0.30445224377234229965E+01     0.34939098703685335151E+00
   -0.30563568953704258360E+01     0.16900173213979330470E+00
   -0.30680529351336171141E+01     0.37885866136566624932E+00
   -0.30796137575346930997E+01     0.34804540159645072559E+00
   -0.30910424533583158535E+01     0.18194752106850840435E+00
   -0.31023420086122492195E+01     0.37683304405795254265E+00
   -0.31135153092103744480E+01     0.35620569278343964170E+00
   -0.31245651453969594223E+01     0.18613227974530490384E+00
   -0.31354942159291496908E+01     0.38277150871228155301E+00
   -0.31463051320333653185E+01     0.35462148530464933099E+00
   -0.31570004211501132774E+01     0.19833887408570989517E+00
   -0.31675825304806502158E+01     0.38066933515426114959E+00
   -0.31780538303479456196E+01     0.36260027755657000563E+00
   -0.31884166173834922033E+01     0.20169565673610567438E+00
   -0.31986731175506813008E+01     0.38665503343075278116E+00
   -0.32088254890146993080E+01     0.36081569462936816462E+00
   -0.32188758248682007492E+01     0.21322940752556261980E+00
   -0.32288261557213688320E+01     0.38448058747712062838E+00
   -0.32386784521643804622E+01     0.36858667720638999186E+00
   -0.32484346271097451519E+01     0.21588970850780246424E+00
   -0.32580965380214820455E+01     0.39045743510981203896E+00
   -0.32676659890376327523E+01     0.36663544819084603758E+00
   -0.32771447329921765247E+01     0.22681064985921099652E+00
   -0.32865344733420155545E+01     0.38821796028400197717E+00
   -0.32958368660043290742E+01     0.37418552349417205452E+00
   -0.33050535211092530815E+01     0.22888201849241670396E+00
   -0.33141860046725256092E+01     0.39414717158565976937E+00
   -0.33232358401924435169E+01     0.37209684605837332078E+00
   -0.33322045101752039239E+01     0.23924403126513385249E+00
   -0.33410934575924499497E+01     0.39185113484454036510E+00
   -0.33499040872746048420E+01     0.37942139286021556078E+00
   -0.33586377672433594466E+01     0.24081502525474931130E+00
   -0.33672958299864740272E+01     0.39770608246985176311E+00
   -0.33758795736778655000E+01     0.37722027371034273163E+00
   -0.33843902633457741412E+01     0.25066627551045850134E+00
   -0.33928291319916387665E+01     0.39536218998560034152E+00
   -0.34011973816621553754E+01     0.38432009206363963336E+00
   -0.34094961844768504693E+01     0.25181028318166834525E+00
   -0.34177266836133659393E+01     0.40112487161311828558E+00
   -0.34258899942525268764E+01     0.38202781685052101127E+00
   -0.34339872044851462459E+01     0.26119376318030673512E+00
   -0.34420193761824105050E+01     0.39874152822946625418E+00
   -0.34499875458315873785E+01     0.38890713257813561114E+00
   -0.34578927253387006542E+01     0.26197197128010481144E+00
   -0.34657359027997265471E+01     0.40440010493724078649E+00
   -0.34735180432417814960E+01     0.38654175632387004691E+00
   -0.34812400893356918012E+01     0.27092605583189685916E+00
   -0.34889029620812609253E+01     0.40198513580775033654E+00
   -0.34965075614664802355E+01     0.39320690517656864609E+00
   -0.35040547671018631463E+01     0.27138976953670301228E+00
   -0.35115454388310207503E+01     0.40753219646371735921E+00
   -0.35189804173185388300E+01     0.39078371377452576460E+00
   -0.35263605246161613897E+01     0.27994874547824696293E+00
   -0.35336865647082342965E+01     0.40509272287716804559E+00
   -0.35409593240373140728E+01     0.39724226833735852705E+00
   -0.35481795720108011384E+01     0.28014121462091037191E+00
   -0.35553480614894136797E+01     0.41052404742555518412E+00
   -0.35624655292582776594E+01     0.39477419146545025489E+00
   -0.35695326964813701119E+01     0.28833576497916993145E+00
   -0.35765502691400166613E+01     0.40806645205149737925E+00
   -0.35835189384561100016E+01     0.40103438029542994339E+00
   -0.35904393813006837829E+01     0.28829363153713431859E+00
   -0.35973122605884458197E+01     0.41338012209876529054E+00
   -0.36041382256588456828E+01     0.39853235079199532389E+00
   -0.36109179126442244444E+01     0.29615126841260809740E+00
   -0.36176519448255685222E+01     0.41091006464181617266E+00
   -0.36243409329763651312E+01     0.40460267257588247817E+00
   -0.36309854756950337100E+01     0.29590572156239378901E+00
   -0.36375861597263857694E+01     0.41610581867412291178E+00
   -0.36441435602725448442E+01     0.40207593426777159209E+00
   -0.36506582412937385398E+01     0.30345116810797539120E+00
   -0.36571307557993560017E+01     0.41362827843657178861E+00
   -0.36635616461296464274E+01     0.40796490329498706192E+00
   -0.36699514442284174386E+01     0.30302887195256338619E+00
   -0.36763006719070761848E+01     0.41870704120152063563E+00
   -0.36826098411003409067E+01     0.40542127221787290046E+00
   -0.36888794541139363029E+01     0.31028439685350150006E+00
   -0.36951100038645723771E+01     0.41622637247391227591E+00
   -0.37013019741124934562E+01     0.41113725288119765577E+00
   -0.37074558396868717152E+01     0.30970824024196479414E+00
   -0.37135720667043078039E+01     0.42118990956198625312E+00
   -0.37196511127806899912E+01     0.40858333776705653154E+00
   -0.37256934272366526141E+01     0.31669394934656978701E+00
   -0.37316994512968644884E+01     0.41870990151565308639E+00
   -0.37376696182833683059E+01     0.41413443970310133948E+00
   -0.37436043538031828533E+01     0.31598365554163285449E+00
   -0.37495040759303711454E+01     0.42356056473059483741E+00
   -0.37553691953827692240E+01     0.41157582756470453128E+00
   -0.37612001156935624235E+01     0.32271774559498689698E+00
   -0.37669972333778883281E+01     0.42108450101102953795E+00
   -0.37727609380946384092E+01     0.41696984219026193311E+00
   -0.37784916128036234355E+01     0.32189037082335912786E+00
   -0.37841896339182611629E+01     0.42582504009314255186E+00
   -0.37898553714539385232E+01     0.41441125434861672892E+00
   -0.37954891891721945289E+01     0.32838935008259512353E+00
   -0.38010914447208643773E+01     0.42335575547054397862E+00
   -0.38066624897703197574E+01     0.41965561963913496570E+00
   -0.38122026701459351280E+01     0.32745969344262672887E+00
   -0.38177123259569047317E+01     0.42798917865310981524E+00
   -0.38231917917215303213E+01     0.41710104289587815968E+00
   -0.38286413964890950002E+01     0.33373857355816684329E+00
   -0.38340614639584342001E+01     0.42552911139955128784E+00
   -0.38394523125933106279E+01     0.42220282735339220878E+00
   -0.38448142557346960055E+01     0.33271951579313360436E+00
   -0.38501476017100585868E+01     0.43005858212610958647E+00
   -0.38554526539397517605E+01     0.41965562434520497886E+00
   -0.38607297110405955252E+01     0.33879197886435686904E+00
   -0.38659790669267392540E+01     0.42760982157831282617E+00
   -0.38712010109078909291E+01     0.42462152389208567935E+00
   -0.38763958277849949330E+01     0.33769476372615035811E+00
   -0.38815637979434375127E+01     0.43203858214041325485E+00
   -0.38867051974438561832E+01     0.42208452604314350199E+00
   -0.38918202981106266102E+01     0.34357330795538244150E+00
   -0.38969093676180978879E+01     0.42960291137139489525E+00
   -0.39019726695746446174E+01     0.42692086949139816452E+00
   -0.39070104636046017766E+01     0.34240777698261973852E+00
   -0.39120230054281460586E+01     0.43393422667878771494E+00
   -0.39170105469391851322E+01     0.42439645542872339850E+00
   -0.39219733362813141415E+01     0.34810384389447331819E+00
   -0.39269116179218967135E+01     0.43151316046416941235E+00
   -0.39318256327243257716E+01     0.42910921549731437591E+00
   -0.39367156180185175596E+01     0.34687863319122020978E+00
   -0.39415818076696904614E+01     0.43575027692706414939E+00
   -0.39464244321454784548E+01     0.42659937731889452932E+00
   -0.39512437185814273549E+01     0.35240271897117560550E+00
   -0.39560398908449203852E+01     0.43334509532989653137E+00
   -0.39608131695975780617E+01     0.43119418509201013537E+00
   -0.39655637723561758769E+01     0.35112542483559557494E+00
   -0.39702919135521218341E+01     0.43749121111735176285E+00
   -0.39749978045895344939E+01     0.42870058447535912132E+00
   -0.39796816539019608639E+01     0.35648717797726139469E+00
   -0.39843436670077721792E+01     0.43510298907743528988E+00
   -0.39889840465642743836E+01     0.43318274583865592341E+00
   -0.39936029924205689322E+01     0.35516449687346828818E+00
   -0.39982007016691983910E+01     0.43916123295625563799E+00
   -0.40027773686966102017E+01     0.43070676164069801034E+00
   -0.40073331852324709187E+01     0.36037280400739264362E+00
   -0.40118683403978621975E+01     0.43679086628665959979E+00
   -0.40163830207523888263E+01     0.43508127468521549345E+00
   -0.40208774103402281398E+01     0.35901065130904429533E+00
   -0.40253516907351492334E+01     0.44076428293836097735E+00
   -0.40298060410845295132E+01     0.43262404340425110345E+00
   -0.40342406381523952592E+01     0.36407371281365721361E+00
   -0.40386556563615120562E+01     0.43841251112229140220E+00
   -0.40430512678345501514E+01     0.43689561610688777545E+00
   -0.40474276424343490296E+01     0.36267732390719922376E+00
   -0.40517849478033047560E+01     0.44230405135000159670E+00
   -0.40561233494019029217E+01     0.43445806634536887428E+00
   -0.40604430105464193366E+01     0.36760272066971650558E+00
   -0.40647440924458099465E+01     0.43997147750729993205E+00
   -0.40690267542378108094E+01     0.43863113406030566854E+00
   -0.40732911530242683426E+01     0.36617673733797214362E+00
   -0.40775374439057194506E+01     0.44378399212832888174E+00
   -0.40817657800152405667E+01     0.43621401593537748117E+00
   -0.40859763125515840759E+01     0.37097148983489692724E+00
   -0.40901691908116200481E+01     0.44147110049007852322E+00
   -0.40943445622221006848E+01     0.44029275839021468602E+00
   -0.40985025723707643766E+01     0.36952003430941865941E+00
   -0.41026433650367957787E+01     0.44520733699798229490E+00
   -0.41067670822206578381E+01     0.43789666868063125776E+00
   -0.41108738641733112488E+01     0.37419065500787254655E+00
   -0.41149638494248363660E+01     0.44291450819444142575E+00
   -0.41190371748124721858E+01     0.44188502628351142214E+00
   -0.41230939755080865772E+01     0.37271739365174596001E+00
   -0.41271343850450915553E+01     0.44657710949170848188E+00
   -0.41311585353448169960E+01     0.43951042997078187239E+00
   -0.41351665567423558144E+01     0.37726993358990985478E+00
   -0.41391585780118932674E+01     0.44430463392571881528E+00
   -0.41431347263915326879E+01     0.44341211931391940166E+00
   -0.41470951276076296160E+01     0.37577813182898050745E+00
   -0.41510399058986459636E+01     0.44789613859287837348E+00
   -0.41549691840385355274E+01     0.44105936806750970106E+00
   -0.41588830833596718565E+01     0.38021822211259620074E+00
   -0.41627817237753291795E+01     0.44564422813950453104E+00
   -0.41666652238017268055E+01     0.44487789656788878057E+00
   -0.41705337005796471306E+01     0.37871079195496887692E+00
   -0.41743872698956371107E+01     0.44916707183176826149E+00
   -0.41782260462028027911E+01     0.44254724463494299160E+00
   -0.41820501426412062347E+01     0.38304368080382620869E+00
   -0.41858596710578739323E+01     0.44693587007596168665E+00
   -0.41896547420264255449E+01     0.44628592429126344280E+00
   -0.41934354648663315899E+01     0.38152322206146001043E+00
   -0.41972019476618084557E+01     0.45039238773423079820E+00
   -0.42009542972803589109E+01     0.44397754217728348735E+00
   -0.42046926193909660597E+01     0.38575380795222889966E+00
   -0.42084170184819484874E+01     0.44818197893209982120E+00
   -0.42121275978784841394E+01     0.44763950244837106630E+00
   -0.42158244597598102813E+01     0.38422264409398975035E+00
   -0.42195077051761066991E+01     0.45157440756853350584E+00
   -0.42231774340650691137E+01     0.44535348871386840283E+00
   -0.42268337452681796059E+01     0.38835550547123755764E+00
   -0.42304767365466806744E+01     0.44938482449438473435E+00
   -0.42341065045972593822E+01     0.44894168854119135368E+00
   -0.42377231450674478810E+01     0.38681571488561947714E+00
   -0.42413267525707464478E+01     0.45271530636912016287E+00
   -0.42449174207014750099E+01     0.44667807998825695988E+00
   -0.42484952420493589891E+01     0.39085513684934271778E+00
   -0.42520603082138551463E+01     0.45054653718970924842E+00
   -0.42556127098182229688E+01     0.45019531899639867542E+00
   -0.42591525365233470058E+01     0.38930858017073264877E+00
   -0.42626798770413154213E+01     0.45381712323878160735E+00
   -0.42661948191487599072E+01     0.44795409947659738562E+00
   -0.42696974496999619707E+01     0.39325857849451092470E+00
   -0.42731878546397304901E+01     0.45166911753798487275E+00
   -0.42766661190160553110E+01     0.45140302839232376771E+00
   -0.42801323269925415417E+01     0.39170692254420891623E+00
   -0.42835865618606290924E+01     0.45488177094605412073E+00
   -0.42870289060516018947E+01     0.44918413643180764849E+00
   -0.42904594411483911291E+01     0.39557126533171521751E+00
   -0.42938782478971766871E+01     0.45275444500722006366E+00
   -0.42972854062187909922E+01     0.45256726676603557531E+00
   -0.43006809952199292064E+01     0.39401600413984846118E+00
   -0.43040650932041697538E+01     0.45591104484466492674E+00
   -0.43074377776828089994E+01     0.45037060217406388473E+00
   -0.43107991253855138316E+01     0.39779823138771245916E+00
   -0.43141492122707958080E+01     0.45380428628398918791E+00
   -0.43174881135363104406E+01     0.45369031521252256488E+00
   -0.43208159036289851097E+01     0.39624070469143923590E+00
   -0.43241326562549790194E+01     0.45690663114802238997E+00
   -0.43274384443894785234E+01     0.45151574481467049203E+00
   -0.43307333402863310788E+01     0.39994414599234231145E+00
   -0.43340174154875210045E+01     0.45482030298017968374E+00
   -0.43372907408324901536E+01     0.45477429996302873781E+00
   -0.43405533864673065348E+01     0.39838555554671918359E+00
   -0.43438054218536838492E+01     0.45787011459520197632E+00
   -0.43470469157778548433E+01     0.45262166257944208499E+00
   -0.43502779363593013111E+01     0.40201334613724831161E+00
   -0.43534985510593435154E+01     0.45580405880194619008E+00
   -0.43567088266895917369E+01     0.45582120510764134887E+00
   -0.43599088294202625978E+01     0.40045477012573025781E+00
   -0.43630986247883627480E+01     0.45880298554640943915E+00
   -0.43662782777057424437E+01     0.45369031587907542235E+00
   -0.43694478524670214942E+01     0.40400986545821556365E+00
   -0.43726074127573899954E+01     0.45675702620971959109E+00
   -0.43757570216602862161E+01     0.45683288410791337777E+00
   -0.43788967416649539524E+01     0.40245227124827773039E+00
   -0.43820266346738816123E+01     0.45970664654609441036E+00
   -0.43851467620101252459E+01     0.45472353825742737204E+00
   -0.43882571844245176865E+01     0.40593746024398261488E+00
   -0.43913579621027659214E+01     0.45768059259952049258E+00
   -0.43944491546724387656E+01     0.45781107022833261766E+00
   -0.43975308212098468664E+01     0.40438171569841873841E+00
   -0.44006030202468170246E+01     0.46058241839116604967E+00
   -0.44036658097773627729E+01     0.45572304633393927125E+00
   -0.44067192472642531133E+01     0.40779963282053424509E+00
   -0.44097633896454812731E+01     0.45857606603615609358E+00
   -0.44127982933406353006E+01     0.45875738600054435780E+00
   -0.44158240142571722820E+01     0.40624651634548175432E+00
   -0.44188406077965979235E+01     0.46143154574043649394E+00
   -0.44218481288605532083E+01     0.45669044884346198612E+00
   -0.44248466318568097978E+01     0.40959965261397020263E+00
   -0.44278361707051758154E+01     0.45944468056846463248E+00
   -0.44308167988433136153E+01     0.45967335182114631108E+00
   -0.44337885692324711057E+01     0.40804986209972211400E+00
   -0.44367515343631281627E+01     0.46225520229971078084E+00
   -0.44397057462605596411E+01     0.45762725486525507348E+00
   -0.44426512564903164549E+01     0.41134057515579735298E+00
   -0.44455881161636261712E+01     0.46028760115585334392E+00
   -0.44485163759427145334E+01     0.46056039377237950048E+00
   -0.44514360860460492965E+01     0.40979473594523803782E+00
   -0.44543472962535077329E+01     0.46305449561501398612E+00
   -0.44572500559114691380E+01     0.45853488132278792457E+00
   -0.44601444139378336375E+01     0.41302525926085506227E+00
   -0.44630304188269685735E+01     0.46110592823413029522E+00
   -0.44659081186545837186E+01     0.46141985074493937461E+00
   -0.44687775610825365444E+01     0.41148393126228581623E+00
   -0.44716387933635687449E+01     0.46383047150441155021E+00
   -0.44744918623459751914E+01     0.45941465982700653374E+00
   -0.44773368144782064723E+01     0.41465638257918165254E+00
   -0.44801736958134061486E+01     0.46190070194718572342E+00
   -0.44830025520138838326E+01     0.46225298093325297852E+00
   -0.44858234283555251771E+01     0.41312006662487567112E+00
   -0.44886363697321398383E+01     0.46458411815681724639E+00
   -0.44914414206597484579E+01     0.46026784292780808034E+00
   -0.44942386252808096868E+01     0.41623645569823623625E+00
   -0.44970280273683882542E+01     0.46267290606952707125E+00
   -0.44998096703302650668E+01     0.46306096776575733118E+00
   -0.45025835972129903012E+01     0.41470559923686175440E+00
   -0.45053498507058804374E+01     0.46531636992415013352E+00
   -0.45081084731449601607E+01     0.46109560983146324264E+00
   -0.45108595065168500412E+01     0.41776783495039855013E+00
   -0.45136029924626008849E+01     0.46342347164307987510E+00
   -0.45163389722814756307E+01     0.46384492532583709735E+00
   -0.45190674869346796528E+01     0.41624283715012569262E+00
   -0.45217885770490403096E+01     0.46602811083123412002E+00
   -0.45245022829206365678E+01     0.46189907163553336810E+00
   -0.45272086445183795096E+01     0.41925273406207212164E+00
   -0.45299077014875445204E+01     0.46415328035008043795E+00
   -0.45325994931532559373E+01     0.46460590331301897828E+00
   -0.45352840585239249225E+01     0.41773395039144406576E+00
   -0.45379614362946413149E+01     0.46672017782595518723E+00
   -0.45406316648505201964E+01     0.46267927612734930156E+00
   -0.45432947822700038962E+01     0.42069323476458757356E+00
   -0.45459508263281201444E+01     0.46486316764233777270E+00
   -0.45485998344996970699E+01     0.46534489158867372315E+00
   -0.45512418439625357290E+01     0.41918098110984855092E+00
   -0.45538768916005408346E+01     0.46739336379041605511E+00
   -0.45565050140068103456E+01     0.46343721218726530453E+00
   -0.45591262474866845634E+01     0.42209129647308513201E+00
   -0.45617406280607553712E+01     0.46555392564565289495E+00
   -0.45643481914678362385E+01     0.46606282434575515035E+00
   -0.45669489731678936049E+01     0.42058585284341466725E+00
   -0.45695430083449402424E+01     0.46804842033216344438E+00
   -0.45721303319098911874E+01     0.46417381383359984825E+00
   -0.45747109785033828221E+01     0.42344876512734661252E+00
   -0.45772849824985556740E+01     0.46622630585676661423E+00
   -0.45798523780038014926E+01     0.46676058393793141631E+00
   -0.45824131988654751522E+01     0.42195037899318186159E+00
   -0.45849674786705719196E+01     0.46868606037301156987E+00
   -0.45875152507493706167E+01     0.46488996394235903901E+00
   -0.45900565481780431974E+01     0.42476738127789217191E+00
   -0.45925914037812312499E+01     0.46688102164887025761E+00
   -0.45951198501345899269E+01     0.46743900439976934405E+00
   -0.45976419195672997942E+01     0.42327627058208588537E+00
   -0.46001576441645470860E+01     0.46930696055154619151E+00
   -0.46026670557699728377E+01     0.46558649767145003570E+00
   -0.46051701859880913680E+01     0.42604878749133972947E+00
   -0.46076670661866785670E+01     0.46751875060046088833E+00
   -0.46101577274991304416E+01     0.46809887468635901115E+00
   -0.46126422008267923631E+01     0.42456514336818019641E+00
   -0.46151205168412594509E+01     0.46991176345406326864E+00
   -0.46175927059866485213E+01     0.46626420561608017563E+00
   -0.46200587984818420229E+01     0.42729453514086153988E+00
   -0.46225188243227043696E+01     0.46814013666115426539E+00
   -0.46249728132842710811E+01     0.46874094165786166107E+00
   -0.46274207949229111269E+01     0.42581852437387144781E+00
   -0.46298627985784628691E+01     0.47050107968747033498E+00
   -0.46322988533763439879E+01     0.46692383671935803274E+00
   -0.46347289882296357708E+01     0.42850609064040660334E+00
   -0.46371532318411421369E+01     0.46874579216698369704E+00
   -0.46395716127054237642E+01     0.46936591283188459305E+00
   -0.46419841591108076792E+01     0.42703785788625418242E+00
   -0.46443908991413726643E+01     0.47107548980655155015E+00
   -0.46467918606789108297E+01     0.46756610095972618577E+00
   -0.46491870714048656947E+01     0.42968484117505602526E+00
   -0.46515765588022471122E+01     0.46933629971670836243E+00
   -0.46539603501575233711E+01     0.46997445892429297010E+00
   -0.46563384725624907988E+01     0.42822451097778121841E+00
   -0.46587109529161211863E+01     0.47163554610696290361E+00
   -0.46610778179263873508E+01     0.46819167183472778027E+00
   -0.46634390941120671436E+01     0.43083209997432701386E+00
   -0.46657948078045262106E+01     0.46991221391972699761E+00
   -0.46681449851494798033E+01     0.47056721619702638957E+00
   -0.46704896521087339350E+01     0.42937977859134569761E+00
   -0.46728288344619061733E+01     0.47218177429437596706E+00
   -0.46751625578081263527E+01     0.46880118865870994681E+00
   -0.46774908475677174887E+01     0.43194911117034217056E+00
   -0.46798137289838571689E+01     0.47047406302533790817E+00
   -0.46821312271242196930E+01     0.47114478862966782210E+00
   -0.46844433668825992279E+01     0.43050488822928975945E+00
   -0.46867501729805142416E+01     0.47271467503932063633E+00
   -0.46890516699687934743E+01     0.46939525869037038847E+00
   -0.46913478822291437004E+01     0.43303705427845013569E+00
   -0.46936388339756995320E+01     0.47102235044229963455E+00
   -0.46959245492565555111E+01     0.47170774992988811800E+00
   -0.46982050519552807312E+01     0.43160100428181705252E+00
   -0.47004803657924162281E+01     0.47323472542648334973E+00
   -0.47027505143269553742E+01     0.46997445910453579356E+00
   -0.47050155209578075069E+01     0.43409704833404926145E+00
   -0.47072754089252450193E+01     0.47155755615692370782E+00
   -0.47095302013123341358E+01     0.47225664539643792916E+00
   -0.47117799210463495941E+01     0.43266923202670606643E+00
   -0.47140245909001734492E+01     0.47374238030649143850E+00
   -0.47162642334936782136E+01     0.47053933882120179378E+00
   -0.47184988712950945428E+01     0.43513015571596551348E+00
   -0.47207285266223636744E+01     0.47208013805726727092E+00
   -0.47229532216444748226E+01     0.47279199364706064846E+00
   -0.47251729783827877291E+01     0.43371062132904177584E+00
   -0.47273878187123405686E+01     0.47423807355755098118E+00
   -0.47295977643631434014E+01     0.47109042020364606425E+00
   -0.47318028369214573656E+01     0.43613738568371544570E+00
   -0.47340030578310597969E+01     0.47259053317038449692E+00
   -0.47361984483944954608E+01     0.47331428822253733027E+00
   -0.47383890297743140804E+01     0.43472617006685519594E+00
   -0.47405748229942943390E+01     0.47472221926369955979E+00
   -0.47427558489406545356E+01     0.47162820063633308512E+00
   -0.47449321283632500654E+01     0.43711969765329828584E+00
   -0.47471036818767578995E+01     0.47308915881903748330E+00
   -0.47492705299618482311E+01     0.47382399907703216711E+00
   -0.47514326929663434552E+01     0.43571682730604154918E+00
   -0.47535901911063646460E+01     0.47519521281588176719E+00
   -0.47557430444674656931E+01     0.47215315399234717210E+00
   -0.47578912730057552559E+01     0.43807800423376753282E+00
   -0.47600348965490066927E+01     0.47357641370375562497E+00
   -0.47621739347977561188E+01     0.47432157396397146183E+00
   -0.47643084073263887459E+01     0.43668349624568083357E+00
   -0.47664383335842136520E+01     0.47565743194154966009E+00
   -0.47685637328965271300E+01     0.47266573199920739461E+00
   -0.47706846244656647600E+01     0.43901317404469693175E+00
   -0.47728010273720423487E+01     0.47405267891566359197E+00
   -0.47749129605751858762E+01     0.47480743972584827877E+00
   -0.47770204429147505904E+01     0.43762703695287746740E+00
   -0.47791234931115293854E+01     0.47610923766802840939E+00
   -0.47812221297684505981E+01     0.47316636551112313512E+00
   -0.47833163713715653575E+01     0.43992603433274773851E+00
   -0.47854062362910246163E+01     0.47451831888506842826E+00
   -0.47874917427820459942E+01     0.47528200349558862369E+00
   -0.47895729089858705616E+01     0.43854826890444030559E+00
   -0.47916497529307096860E+01     0.47655097522446532018E+00
   -0.47937222925326820685E+01     0.47365546569503276167E+00
   -0.47957905455967410881E+01     0.44081737340383721489E+00
   -0.47978545298175925779E+01     0.47497368227040266259E+00
   -0.47999142627806031476E+01     0.47574565381643387224E+00
   -0.48019697619626991719E+01     0.43944797335111618347E+00
   -0.48040210447332565582E+01     0.47698297488679464823E+00
   -0.48060681283549814066E+01     0.47413342513712175444E+00
   -0.48081110299847816754E+01     0.44168794288587908218E+00
   -0.48101497666746299599E+01     0.47541910279175964106E+00
   -0.48121843553724174953E+01     0.47619876168668010229E+00
   -0.48142148129227994886E+01     0.44032689551864782649E+00
   -0.48162411560680318866E+01     0.47740555276979799894E+00
   -0.48182634014487996826E+01     0.47460061887593318202E+00
   -0.48202815656050368648E+01     0.44253845983569489747E+00
   -0.48222956649767381076E+01     0.47585490001292674728E+00
   -0.48243057159047623055E+01     0.47664168153506079635E+00
   -0.48263117346316280465E+01     0.44118574665863171223E+00
   -0.48283137373023011238E+01     0.47781901157001760796E+00
