   -0.93471162800290098844E+00     0.10934467574909181110E+00
   -0.11578551793171107442E+01     0.47292492607941618821E-01
   -0.13401767361110653704E+01     0.90740569073003344936E-01
   -0.14943274159383236747E+01     0.12256687774575605941E+00
   -0.16278588085628462979E+01     0.62065676246947289949E-01
   -0.17456418442192297524E+01     0.99261447107722889647E-01
   -0.18510023598770560536E+01     0.12117402153873357277E+00
   -0.19463125396813809137E+01     0.73155481524170761257E-01
   -0.20333239166710106798E+01     0.90217138212307583879E-01
   -0.21133666243445471057E+01     0.11992432265368369482E+00
   -0.21874745964982689841E+01     0.75502916366193182330E-01
   -0.22564674679852204356E+01     0.95880994226658362215E-01
   -0.23210059891227916073E+01     0.11412231223194963041E+00
   -0.23816306109392264499E+01     0.80793345869430978040E-01
   -0.24387890247791750618E+01     0.90188627024757145096E-01
   -0.24928562460494508296E+01     0.11400156334312925967E+00
   -0.25441495404370013630E+01     0.80475962122836417521E-01
   -0.25929397046064333661E+01     0.94342203481644959655E-01
   -0.26394597202413262231E+01     0.10919560827249021157E+00
   -0.26839114828121600604E+01     0.84043725096860182031E-01
   -0.27264710972309559893E+01     0.90183812790471943195E-01
   -0.27672930917512111188E+01     0.10972435842264808847E+00
   -0.28065138049044924151E+01     0.82990195590924142787E-01
   -0.28442541328873394438E+01     0.93458295214104429206E-01
   -0.28806217770582142935E+01     0.10586141646842681161E+00
   -0.29157130968694843968E+01     0.10147938090970156998E+00
   -0.29496146485451657450E+01     0.11700878131396499113E+00
   -0.29824044713681566155E+01     0.12372554204834534651E+00
   -0.30141531696827369167E+01     0.10227239569985605524E+00
   -0.30449248283494906051E+01     0.11675736569981301813E+00
   -0.30747777914991717593E+01     0.12279833416454413920E+00
   -0.31037653283724240493E+01     0.10320813185403907329E+00
   -0.31319362053391203712E+01     0.11582811815567537760E+00
   -0.31593351795272348140E+01     0.12222916485307714271E+00
   -0.31860034266093961390E+01     0.10341744864476736922E+00
   -0.32119789130126567971E+01     0.11557609801656921076E+00
   -0.32372967209969466725E+01     0.12107914498475284041E+00
   -0.32619893335873181735E+01     0.10405771025839816227E+00
   -0.32860868851663786755E+01     0.11446730372873127790E+00
   -0.33096173825765727931E+01     0.12056941222789473469E+00
   -0.33326069008012715325E+01     0.10389754245092548143E+00
   -0.33550797566533301270E+01     0.11426903907609051059E+00
   -0.33770586633721053698E+01     0.11933257352526329905E+00
   -0.33985648685930689564E+01     0.10437399529604133246E+00
   -0.34196182777909012987E+01     0.11308997807983135797E+00
   -0.34402375649936369798E+01     0.11891332445446116784E+00
   -0.34604402723111564282E+01     0.10398603139403527688E+00
   -0.34802428996073361412E+01     0.11296116521170942726E+00
   -0.34996609854644377245E+01     0.11766097401204265228E+00
   -0.35187091804351322037E+01     0.10437222958240386117E+00
   -0.35374013134472847532E+01     0.11177222958010450398E+00
   -0.35557504521154812883E+01     0.11733492464555677838E+00
   -0.35737689576181596030E+01     0.10384622383318495823E+00
   -0.35914685347175605210E+01     0.11171158730750043104E+00
   -0.36088602774294297062E+01     0.11610394250804376720E+00
   -0.36259547107887298202E+01     0.10418301662152200703E+00
   -0.36427618291051110544E+01     0.11054464397063228637E+00
   -0.36592911310563216184E+01     0.11586331688101729254E+00
   -0.36755516519281019249E+01     0.10357559486791723480E+00
   -0.36915519932745430575E+01     0.11054463440944575238E+00
   -0.37073003502426822261E+01     0.11467209532249154311E+00
   -0.37228045367786474803E+01     0.10388572801007679830E+00
   -0.37380720089094359145E+01     0.10941567206317918521E+00
   -0.37531098862739764293E+01     0.11450599161875441912E+00
   -0.37679249720591170687E+01     0.10323285897813071473E+00
   -0.37825237714802697518E+01     0.10946719386287306854E+00
   -0.37969125089323693587E+01     0.11336288758736002643E+00
   -0.38110971439243257909E+01     0.10352899842386831287E+00
   -0.38250833858990656806E+01     0.10838344171523743942E+00
   -0.38388767080314014987E+01     0.11326026828709726814E+00
   -0.38524823600871801234E+01     0.10285372166637513530E+00
   -0.38659053804193208102E+01     0.10847773209866970087E+00
   -0.38791506071693414484E+01     0.11216816272181630247E+00
   -0.38922226887366942188E+01     0.10314285902082984066E+00
   -0.39051260935726021065E+01     0.10744160280695009565E+00
   -0.39178651193500318638E+01     0.11211897924351892682E+00
   -0.39304439015568919819E+01     0.10246002225942863107E+00
   -0.39428664215554491352E+01     0.10757090847272931852E+00
   -0.39551365141472634829E+01     0.11107778253459175300E+00
   -0.39672578746796082931E+01     0.10274592349754237100E+00
   -0.39792340657263239849E+01     0.10658219351733547219E+00
   -0.39910685233733268245E+01     0.11107330332515966901E+00
   -0.40027645631365181025E+01     0.10206510935536561507E+00
   -0.40143253855375940882E+01     0.10673991684115963859E+00
   -0.40257540813612168419E+01     0.11008135436191038170E+00
   -0.40370536366151502079E+01     0.10234969703575934215E+00
   -0.40482269372132754364E+01     0.10579702093855442930E+00
   -0.40592767733998604108E+01     0.11011416238040201207E+00
   -0.40702058439320506792E+01     0.10167705709975541833E+00
   -0.40810167600362663069E+01     0.10597765600212811061E+00
   -0.40917120491530142658E+01     0.10916901853588567720E+00
   -0.41022941584835512042E+01     0.10196120204583108047E+00
   -0.41127654583508466081E+01     0.10507829671931639920E+00
   -0.41231282453863931917E+01     0.10923288347497385011E+00
   -0.41333847455535822892E+01     0.10130062479879116894E+00
   -0.41435371170176002965E+01     0.10527729344289191374E+00
   -0.41535874528711017376E+01     0.10833176859391775293E+00
   -0.41635377837242698205E+01     0.10158460497927859670E+00
   -0.41733900801672814507E+01     0.10441889867193646779E+00
   -0.41831462551126461404E+01     0.10842148369887755729E+00
   -0.41928081660243830339E+01     0.10093847145980499469E+00
   -0.42023776170405337407E+01     0.10463251414105657503E+00
   -0.42118563609950775132E+01     0.10756154080353793896E+00
   -0.42212461013449165429E+01     0.10122224011837723821E+00
   -0.42305484940072300626E+01     0.10381244643638704463E+00
   -0.42397651491121540700E+01     0.10767276215043466654E+00
   -0.42488976326754265977E+01     0.10059192015904841242E+00
   -0.42579474681953445054E+01     0.10403760696192167363E+00
   -0.42669161381781049124E+01     0.10685119319329042805E+00
   -0.42758050855953509382E+01     0.10087526296131096704E+00
   -0.42846157152775058304E+01     0.10325328752510099603E+00
   -0.42933493952462604350E+01     0.10698029578612251038E+00
   -0.43020074579893750156E+01     0.10026144546898354874E+00
   -0.43105912016807664884E+01     0.10348746918832830876E+00
   -0.43191018913486751296E+01     0.10619443553049444488E+00
   -0.43275407599945397550E+01     0.10054407227285403540E+00
   -0.43359090096650563639E+01     0.10273644326074582997E+00
   -0.43442078124797514577E+01     0.10633839010547171263E+00
   -0.43524383116162669278E+01     0.99946987659259622919E-01
   -0.43606016222554278649E+01     0.10297757191671772270E+00
   -0.43686988324880472344E+01     0.10558574149713793826E+00
   -0.43767310041853114934E+01     0.10022858541460385142E+00
   -0.43846991738344883669E+01     0.10225753990060706228E+00
   -0.43926043533416016427E+01     0.10574201146742318321E+00
   -0.44004475308026275355E+01     0.99648156907273291683E-01
   -0.44082296712446824845E+01     0.10250390893641308085E+00
   -0.44159517173385927897E+01     0.10502025861054881501E+00
   -0.44236145900841619138E+01     0.99928419313881102067E-01
   -0.44312191894693812239E+01     0.10181273758409212194E+00
   -0.44387663951047641347E+01     0.10518671490218254393E+00
   -0.44462570668339217387E+01     0.99364366736781853117E-01
   -0.44536920453214398184E+01     0.10206294089151732930E+00
   -0.44610721526190623781E+01     0.10449372322114076096E+00
   -0.44683981927111352849E+01     0.99643009989490375765E-01
   -0.44756709520402150612E+01     0.10139866309663117948E+00
   -0.44828912000137021268E+01     0.10466857431975538726E+00
   -0.44900596894923146681E+01     0.99094921392210017299E-01
   -0.44971771572611786478E+01     0.10165154067295600591E+00
   -0.45042443244842711004E+01     0.10400238363787537387E+00
   -0.45112618971429176497E+01     0.99371691635924426307E-01
   -0.45182305664590109901E+01     0.10101234897036877073E+00
   -0.45251510093035847714E+01     0.10418411827003989712E+00
   -0.45320238885913468081E+01     0.98839072938368027836E-01
   -0.45388498536617466712E+01     0.10126694282339579363E+00
   -0.45456295406471254328E+01     0.10354293223713127129E+00
   -0.45523635728284695106E+01     0.99113748845740902273E-01
   -0.45590525609792661196E+01     0.10065117965628512425E+00
   -0.45656971036979346984E+01     0.10373027241489242719E+00
   -0.45722977877292867579E+01     0.98596058306906947757E-01
   -0.45788551882754458326E+01     0.10090669804182429942E+00
   -0.45853698692966395282E+01     0.10311244632840699312E+00
   -0.45918423838022569901E+01     0.98868450857978573729E-01
   -0.45982732741325474159E+01     0.10031284461832042726E+00
   -0.46046630722313184270E+01     0.10330430883821698586E+00
   -0.46110122999099771732E+01     0.98365122982551984316E-01
   -0.46173214691032418951E+01     0.10056863298657393371E+00
   -0.46235910821168372913E+01     0.10270833705996155872E+00
   -0.46298216318674733655E+01     0.98635073713161144261E-01
   -0.46360136021153944446E+01     0.99995297796691242895E-01
   -0.46421674676897727037E+01     0.10290380181228625667E+00
   -0.46482836947072087923E+01     0.98145535756244697183E-01
   -0.46543627407835909797E+01     0.10025081513249331573E+00
   -0.46604050552395536025E+01     0.10232830546812585116E+00
   -0.46664110792997654769E+01     0.98412914243154603407E-01
   -0.46723812462862692944E+01     0.99696722737275107865E-01
   -0.46783159818060838417E+01     0.10252658941741298907E+00
   -0.46842157039332721339E+01     0.97936597499140915472E-01
   -0.46900808233856702124E+01     0.99951522238499325159E-01
   -0.46959117436964634119E+01     0.10197030475329294722E+00
   -0.47017088613807893165E+01     0.98201298541902325132E-01
   -0.47074725660975393976E+01     0.99415502663127081805E-01
   -0.47132032408065244239E+01     0.10217074034435636845E+00
   -0.47189012619211621513E+01     0.97737645942883790982E-01
   -0.47245669994568395116E+01     0.99669215913545380282E-01
   -0.47302008171750955173E+01     0.10163250792107779673E+00
   -0.47358030727237653658E+01     0.97999586711907977465E-01
   -0.47413741177732207458E+01     0.99150194805896635129E-01
   -0.47469142981488361164E+01     0.10183452522013244716E+00
   -0.47524239539598057202E+01     0.97548057808400653588E-01
   -0.47579034197244313098E+01     0.99402518769301609669E-01
   -0.47633530244919959887E+01     0.10131328001463517187E+00
   -0.47687730919613351886E+01     0.97807175110889638556E-01
   -0.47741639405962116163E+01     0.98899508383167820550E-01
   -0.47795258837375969939E+01     0.10151639184695887549E+00
   -0.47848592297129595753E+01     0.97367249194520422668E-01
   -0.47901642819426527489E+01     0.99150194681554713610E-01
   -0.47954413390434965136E+01     0.10101115426047448872E+00
   -0.48006906949296402425E+01     0.97623496937411687705E-01
   -0.48059126389107919175E+01     0.98662285683653839756E-01
   -0.48111074557878959215E+01     0.10121494380831244075E+00
   -0.48162754259463385011E+01     0.97194674846668689447E-01
   -0.48214168254467571717E+01     0.98911131730206657640E-01
   -0.48265319261135275986E+01     0.10072481154369637979E+00
   -0.48316209956209988764E+01     0.97448021731637406441E-01
   -0.48366842975775456059E+01     0.98437485796230482044E-01
   -0.48417220916075027650E+01     0.10092892196345971512E+00
   -0.48467346334310470471E+01     0.97029826728006865842E-01
   -0.48517221749420861207E+01     0.98684327439390747786E-01
   -0.48566849642842151299E+01     0.10045306271408237367E+00
   -0.48616232459247977019E+01     0.97280254187245498601E-01
   -0.48665372607272267601E+01     0.98224170586608546270E-01
   -0.48714272460214185481E+01     0.10065718841621899283E+00
   -0.48762934356725914498E+01     0.96872232180060967790E-01
   -0.48811360601483794432E+01     0.98468875989274332601E-01
   -0.48859553465843283433E+01     0.10019483329995442023E+00
   -0.48907515188478213737E+01     0.97119732546374076021E-01
   -0.48955247976004790501E+01     0.98021492585391704983E-01
   -0.49002754003590768653E+01     0.10039871260232254791E+00
   -0.49050035415550228226E+01     0.96721451866933281102E-01
   -0.49097094325924354823E+01     0.98263957117048008910E-01
   -0.49143932819048618523E+01     0.99949150271992570571E-01
   -0.49190552950106731677E+01     0.96966026763446212426E-01
   -0.49236956745671753720E+01     0.97828684503141019889E-01
   -0.49283146204234699206E+01     0.10015255919158490938E+00
   -0.49329123296720993794E+01     0.96577077633134023746E-01
   -0.49374889966995111901E+01     0.98068826465440212946E-01
   -0.49420448132353719071E+01     0.99715130554912825771E-01
   -0.49465799684007631859E+01     0.96818736563958980954E-01
   -0.49510946487552898148E+01     0.97645050132365194208E-01
   -0.49555890383431291282E+01     0.99917877546118891249E-01
   -0.49600633187380502218E+01     0.96438730360846892992E-01
   -0.49645176690874305016E+01     0.97882807172706894611E-01
   -0.49689522661552962476E+01     0.99491971032076459037E-01
   -0.49733672843644130446E+01     0.96677489482692774876E-01
   -0.49777628958374511398E+01     0.97469956433868252668E-01
   -0.49821392704372500180E+01     0.99693892514525730538E-01
   -0.49864965758062057444E+01     0.96306057881905995195E-01
   -0.49908349774048039102E+01     0.97705282528714147864E-01
   -0.49951546385493203250E+01     0.99278939827836807018E-01
   -0.49994557204487109349E+01     0.96541938936792078562E-01
   -0.50037383822407117979E+01     0.97302826636488972316E-01
   -0.50080027810271693310E+01     0.99479896374972354030E-01
   -0.50122490719086204391E+01     0.96178732978713775977E-01
   -0.50164774080181415552E+01     0.97535689547932436870E-01
   -0.50206879405544850644E+01     0.99075368685803539254E-01
   -0.50248808188145210366E+01     0.96411762368979084374E-01
   -0.50290561902250016733E+01     0.97143134205809693802E-01
   -0.50332142003736653651E+01     0.99275241768067259031E-01
   -0.50373549930396967671E+01     0.96056451493883374880E-01
   -0.50414787102235588266E+01     0.97373513332431369562E-01
   -0.50455854921762122372E+01     0.98880646289194945968E-01
   -0.50496754774277373544E+01     0.96286659482153336716E-01
   -0.50537488028153731743E+01     0.96990397559671938000E-01
   -0.50578056035109875657E+01     0.99079335484145631593E-01
   -0.50618460130479925438E+01     0.95938930558547531517E-01
   -0.50658701633477179845E+01     0.97218282116834801127E-01
   -0.50698781847452568028E+01     0.98694212392914266360E-01
   -0.50738702060147942558E+01     0.96166350576968803697E-01
   -0.50778463543944336763E+01     0.96844175426994970605E-01
   -0.50818067556105306045E+01     0.98891632989605350373E-01
   -0.50857515339015469521E+01     0.95825906942651385407E-01
   -0.50896808120414365158E+01     0.97069562903159151624E-01
   -0.50935947113625728449E+01     0.98515552656664431790E-01
   -0.50974933517782301680E+01     0.96050574997379388382E-01
   -0.51013768518046277939E+01     0.96704062762038193870E-01
   -0.51052453285825481191E+01     0.98711633593857692101E-01
   -0.51090988978985380991E+01     0.95717135526168527843E-01
   -0.51129376742057037796E+01     0.96926957606951873238E-01
   -0.51167617706441072232E+01     0.98344194084932384286E-01
   -0.51205712990607749207E+01     0.95939089684700959948E-01
   -0.51243663700293265333E+01     0.96569687139376938702E-01
   -0.51281470928692325783E+01     0.98538876172755048948E-01
   -0.51319135756647094441E+01     0.95612387887368644189E-01
   -0.51356659252832598993E+01     0.96790099647554356750E-01
   -0.51394042473938670481E+01     0.98179700993554881466E-01
   -0.51431286464848494758E+01     0.95831667837814201105E-01
   -0.51468392258813851278E+01     0.96440705565892305034E-01
   -0.51505360877627112697E+01     0.98372935376447976898E-01
   -0.51542193331790076875E+01     0.95511451002543004495E-01
   -0.51578890620679701022E+01     0.96658650924962508813E-01
   -0.51615453732710805943E+01     0.98021671434261321104E-01
   -0.51651883645495816629E+01     0.95728097675275779598E-01
   -0.51688181326001603706E+01     0.96316801655358649248E-01
   -0.51724347730703488695E+01     0.98213418259857491459E-01
   -0.51760383805736474362E+01     0.95414126050624098923E-01
   -0.51796290487043759983E+01     0.96532299133927828411E-01
   -0.51832068700522599776E+01     0.97869734018440820566E-01
   -0.51867719362167561347E+01     0.95628181293994516847E-01
   -0.51903243378211239572E+01     0.96197683119037960566E-01
   -0.51938641645262479942E+01     0.98059961282622471678E-01
   -0.51973915050442164098E+01     0.95320227315680284882E-01
   -0.52009064471516608956E+01     0.96410755372867722569E-01
   -0.52044090777028629591E+01     0.97723545089703796772E-01
   -0.52078994826426314786E+01     0.95531733618536056063E-01
   -0.52113777470189562995E+01     0.96083079532300153268E-01
   -0.52148439549954425301E+01     0.97912227632745481872E-01
   -0.52182981898635300808E+01     0.95229581180157829782E-01
   -0.52217405340545028831E+01     0.96293752011034169065E-01
   -0.52251710691512921175E+01     0.97582786201854113151E-01
   -0.52285898759000776755E+01     0.95438581434881606520E-01
   -0.52319970342216919806E+01     0.95972740342882469675E-01
   -0.52353926232228301948E+01     0.97769904834421957180E-01
   -0.52387767212070707422E+01     0.95142025201863149904E-01
   -0.52421494056857099879E+01     0.96181040782390798549E-01
   -0.52455107533884148200E+01     0.97447161864865039724E-01
   -0.52488608402736967965E+01     0.95348562502468176544E-01
   -0.52521997415392114290E+01     0.95866433091145759579E-01
   -0.52555275316318860982E+01     0.97632702605872078971E-01
   -0.52588442842578800078E+01     0.95057407267944459197E-01
   -0.52621500723923795119E+01     0.96072391078909120401E-01
   -0.52654449682892320673E+01     0.97316397526533803989E-01
   -0.52687290434904219930E+01     0.95261524738497355983E-01
   -0.52720023688353911421E+01     0.95763941816718067765E-01
   -0.52752650144702075232E+01     0.97500350937547720148E-01
   -0.52785170498565848376E+01     0.94975584819486524525E-01
   -0.52817585437807558318E+01     0.95967588419631318411E-01
   -0.52849895643622022996E+01     0.97190237761819009689E-01
   -0.52882101790622445038E+01     0.95177325468759228665E-01
   -0.52914204546924927253E+01     0.95665065629351010915E-01
   -0.52946204574231635863E+01     0.97372598364980579187E-01
   -0.52978102527912637364E+01     0.94896424140734614329E-01
   -0.53009899057086434321E+01     0.95866433074957135773E-01
   -0.53041594804699224826E+01     0.97068444645562032445E-01
   -0.53073190407602909838E+01     0.95095830739536657604E-01
   -0.53104686496631872046E+01     0.95569617424746829583E-01
   -0.53136083696678549408E+01     0.97249210413874111757E-01
   -0.53167382626767826007E+01     0.94819799707386500431E-01
   -0.53198583900130262343E+01     0.95768738828277319307E-01
   -0.53229688124274186749E+01     0.96950796287457013799E-01
   -0.53260695901056669099E+01     0.95016914685504606793E-01
   -0.53291607826753397540E+01     0.95477422728622788448E-01
   -0.53322424492127478549E+01     0.97129968197906567650E-01
   -0.53353146482497180131E+01     0.94745593588815980203E-01
   -0.53383774377802637614E+01     0.95674331859364132299E-01
   -0.53414308752671541017E+01     0.96837085510847088985E-01
   -0.53444750176483822615E+01     0.94940458948899810859E-01
   -0.53475099213435362891E+01     0.95388318654430635741E-01
   -0.53505356422600732704E+01     0.97014667152176982417E-01
   -0.53535522357994989119E+01     0.94673694899505642609E-01
   -0.53565597568634541968E+01     0.95583049735897784009E-01
   -0.53595582598597107863E+01     0.96727118659256161337E-01
   -0.53625477987080768039E+01     0.94866352145594781469E-01
   -0.53655284268462146038E+01     0.95302152961997113417E-01
   -0.53685001972353720941E+01     0.96903115887350485251E-01
   -0.53714631623660291511E+01     0.94603999295362810617E-01
   -0.53744173742634606296E+01     0.95494740501204292037E-01
   -0.53773628844932174433E+01     0.96620714516573741814E-01
   -0.53802997441665271596E+01     0.94794489374058173617E-01
   -0.53832280039456155218E+01     0.95218783205943032089E-01
   -0.53861477140489502849E+01     0.96795135151394312492E-01
   -0.53890589242564087213E+01     0.94536408510966205783E-01
   -0.53919616839143701264E+01     0.95409261847745673841E-01
   -0.53948560419407346260E+01     0.96517703328543609773E-01
   -0.53977420468298695620E+01     0.94724771763515465976E-01
   -0.54006197466574847070E+01     0.95138075964111738593E-01
   -0.54034891890854375328E+01     0.96690556887384018843E-01
   -0.54063504213664697333E+01     0.94470829934139536519E-01
   -0.54092034903488761798E+01     0.95326480367171461379E-01
   -0.54120484424811074608E+01     0.96417925914706059893E-01
   -0.54148853238163071370E+01     0.94657106057936545090E-01
   -0.54177141800167848210E+01     0.95059906137425279922E-01
   -0.54205350563584261655E+01     0.96589223377236451815E-01
   -0.54233479977350408268E+01     0.94407176214571046667E-01
   -0.54261530486626494464E+01     0.95246270868840032274E-01
   -0.54289502532837106752E+01     0.96321232861242565588E-01
   -0.54317396553712892427E+01     0.94591404232768516049E-01
   -0.54345212983331660552E+01     0.94984156313615442193E-01
   -0.54372952252158912896E+01     0.96490986462422428400E-01
   -0.54400614787087814259E+01     0.94345364903495219261E-01
   -0.54428201011478611491E+01     0.95168515759673389019E-01
   -0.54455711345197510296E+01     0.96227483786299724512E-01
   -0.54483146204655018733E+01     0.94527583141602377326E-01
   -0.54510506002843766192E+01     0.94910716188170081056E-01
   -0.54537791149375806412E+01     0.96395706833753399152E-01
   -0.54565002050519412981E+01     0.94285318121725113232E-01
   -0.54592139109235375563E+01     0.95093104479040311023E-01
   -0.54619202725212804980E+01     0.96136546670350789122E-01
   -0.54646193294904455089E+01     0.94465564190211317252E-01
   -0.54673111211561569258E+01     0.94839482036612161315E-01
   -0.54699956865268259109E+01     0.96303253383244474501E-01
   -0.54726730642975423033E+01     0.94226962253572429482E-01
   -0.54753432928534211848E+01     0.95019932983087650933E-01
   -0.54780064102729048847E+01     0.96048297245008612749E-01
   -0.54806624543310211328E+01     0.94405273035627020367E-01
   -0.54833114625025980583E+01     0.94770356232906112523E-01
   -0.54859534719654367174E+01     0.96213502611849517558E-01
   -0.54885885196034418230E+01     0.94170227664418804194E-01
   -0.54912166420097113340E+01     0.94948903273572728210E-01
   -0.54938378754895855519E+01     0.95962618434451012185E-01
   -0.54964522560636563596E+01     0.94346639308129522054E-01
   -0.54990598194707372269E+01     0.94703246809377416020E-01
   -0.55016606011707945934E+01     0.96126338087558320671E-01
   -0.55042546363478412309E+01     0.94115048439907573611E-01
   -0.55068419599127921759E+01     0.94879922966803870453E-01
   -0.55094226065062838106E+01     0.95879399844273284625E-01
   -0.55119966105014566625E+01     0.94289596354217001891E-01
   -0.55145640060067024811E+01     0.94638067054048609757E-01
   -0.55171248268683761407E+01     0.96041649948954605067E-01
   -0.55196791066734729081E+01     0.94061362144911940104E-01
   -0.55222268787522716051E+01     0.94812904898781895187E-01
   -0.55247681761809441858E+01     0.95798537293155632534E-01
   -0.55273030317841322384E+01     0.94234080998795726806E-01
   -0.55298314781374909153E+01     0.94574735141748216314E-01
   -0.55323535475702007827E+01     0.95959334449868184468E-01
   -0.55348692721674480744E+01     0.94009109600604665542E-01
   -0.55373786837728738261E+01     0.94747766763061877064E-01
   -0.55398818139909923565E+01     0.95719932383236395728E-01
   -0.55423786941895795555E+01     0.94180033324988433378E-01
   -0.55448693555020314301E+01     0.94513173795747074050E-01
   -0.55473538288296933516E+01     0.95879293541224932125E-01
   -0.55498321448441604393E+01     0.93958234678107637178E-01
   -0.55523043339895495098E+01     0.94684430778229752283E-01
   -0.55547704264847430113E+01     0.95643492105524545455E-01
   -0.55572304523256053580E+01     0.94127396470103044034E-01
   -0.55596844412871720695E+01     0.94453309977026541126E-01
   -0.55621324229258121153E+01     0.95801434486612604949E-01
   -0.55645744265813638575E+01     0.93908684107338325171E-01
   -0.55670104813792449763E+01     0.94622823382218899810E-01
   -0.55694406162325367592E+01     0.95569128477074812473E-01
   -0.55718648598440431253E+01     0.94076116436433967369E-01
   -0.55742832407083247526E+01     0.94395074598591352047E-01
   -0.55766957871137086677E+01     0.95725669508446340233E-01
   -0.55791025271442736527E+01     0.93860407299795618141E-01
   -0.55815034886818118182E+01     0.94562874950983585259E-01
   -0.55838986994077666831E+01     0.95496758206992926295E-01
   -0.55862881868051481006E+01     0.94026141915686497550E-01
   -0.55886719781604243595E+01     0.94338402262511948297E-01
   -0.55910501005653917872E+01     0.95651915461940973627E-01
   -0.55934225809190221748E+01     0.93813356184141023856E-01
   -0.55957894459292883392E+01     0.94504519539304030172E-01
   -0.55981507221149681320E+01     0.95426302388642607328E-01
   -0.56005064358074271991E+01     0.93977424125922087848E-01
   -0.56028566131523807917E+01     0.94283231017621532132E-01
   -0.56052012801116349235E+01     0.95580093534383596942E-01
   -0.56075404624648071617E+01     0.93767485053533897198E-01
   -0.56098741858110273411E+01     0.94447694641726162669E-01
   -0.56122024755706184771E+01     0.95357686215695236612E-01
   -0.56145253569867581574E+01     0.93929916660019537221E-01
   -0.56168428551271206815E+01     0.94229502136005914904E-01
   -0.56191549948855002163E+01     0.95510128967453614780E-01
   -0.56214618009834152301E+01     0.93722750423772250665E-01
   -0.56237632979716944628E+01     0.94392340971841516161E-01
   -0.56260595102320446888E+01     0.95290838719901896401E-01
   -0.56283504619786005204E+01     0.93883575344735326677E-01
   -0.56306361772594564995E+01     0.94177159906612908468E-01
   -0.56329166799581817196E+01     0.95441950800562978325E-01
   -0.56351919937953172165E+01     0.93679110901374764637E-01
   -0.56374621423298563626E+01     0.94338402258292472569E-01
   -0.56397271489607084953E+01     0.95225692528679505200E-01
   -0.56419870369281460077E+01     0.93838358109526326972E-01
   -0.56442418293152351242E+01     0.94126151444475531911E-01
   -0.56464915490492505825E+01     0.95375491633389746501E-01
   -0.56487362189030744377E+01     0.93636527060815708816E-01
   -0.56509758614965792020E+01     0.94285825056047869068E-01
   -0.56532104992979955312E+01     0.95162183640791334438E-01
   -0.56554401546252646629E+01     0.93794224864370650421E-01
   -0.56576648496473758110E+01     0.94076426514192266977E-01
   -0.56598846063856887175E+01     0.95310687405956664120E-01
   -0.56620994467152415570E+01     0.93594961330193394427E-01
   -0.56643093923660443898E+01     0.94234558571636310550E-01
   -0.56665144649243583540E+01     0.95100251218570129098E-01
   -0.56687146858339607854E+01     0.93751137385888246774E-01
   -0.56709100763973964493E+01     0.94027937366440241947E-01
   -0.56731006577772150688E+01     0.95247477194765674782E-01
   -0.56752864509971953275E+01     0.93554377884675205384E-01
   -0.56774674769435555240E+01     0.94184554501151446530E-01
   -0.56796437563661510538E+01     0.95039837395281828577E-01
   -0.56818153098796588880E+01     0.93709059211122590652E-01
   -0.56839821579647492196E+01     0.93980638586415508861E-01
   -0.56861443209692444437E+01     0.95185803023641485774E-01
   -0.56883018191092656345E+01     0.93514742547118843211E-01
   -0.56904546724703666815E+01     0.94135766879956803621E-01
   -0.56926029010086562443E+01     0.94980887096361644547E-01
   -0.56947465245519076811E+01     0.93667955538399059765E-01
   -0.56968855628006571073E+01     0.93934486953200203113E-01
   -0.56990200353292897344E+01     0.95125609688064463834E-01
   -0.57011499615871146404E+01     0.93476022695320739391E-01
   -0.57032753608994281184E+01     0.94088151943119102151E-01
   -0.57053962524685657485E+01     0.94923347873373872651E-01
   -0.57075126553749433371E+01     0.93627793134724887544E-01
   -0.57096245885780868646E+01     0.93889441309150820033E-01
   -0.57117320709176515788E+01     0.95066844591887003369E-01
   -0.57138351211144303738E+01     0.93438187175389157333E-01
   -0.57159337577713515865E+01     0.94041667995689716138E-01
   -0.57180279993744663460E+01     0.94867169749653930122E-01
   -0.57201178642939256047E+01     0.93588540249240368206E-01
   -0.57222033707849469827E+01     0.93845462438486404718E-01
   -0.57242845369887715500E+01     0.95009457595429593861E-01
   -0.57263613809336106745E+01     0.93401206220781789483E-01
   -0.57284339205355830569E+01     0.93996275292035273994E-01
   -0.57305021735996420766E+01     0.94812305076687152642E-01
   -0.57325661578204935663E+01     0.93550166532271727713E-01
   -0.57346258907835041360E+01     0.93802512954331261055E-01
   -0.57366813899656001603E+01     0.94953400874044453809E-01
   -0.57387326727361575466E+01     0.93365051376586071889E-01
   -0.57407797563578823951E+01     0.93951935923491406741E-01
   -0.57428226579876826638E+01     0.94758708400365104498E-01
   -0.57448613946775309483E+01     0.93512642959573139534E-01
   -0.57468959833753184837E+01     0.93760557193534835386E-01
   -0.57489264409257004770E+01     0.94898628786316964036E-01
   -0.57509527840709328751E+01     0.93329695428655364942E-01
   -0.57529750294517006711E+01     0.93908613713679264563E-01
   -0.57549931936079378532E+01     0.94706336336337655857E-01
   -0.57570072929796390960E+01     0.93475941761379110030E-01
   -0.57590173439076632939E+01     0.93719561118652589455E-01
   -0.57610233626345290349E+01     0.94845097751149251409E-01
   -0.57630253653052021122E+01     0.93295112337245923390E-01
