    0.00000000000000000000E+00    -0.44234237757826219254E-02
   -0.22314355131420975577E+00    -0.18322297607448137296E-02
   -0.40546510810816438198E+00    -0.88893047259453919748E-03
   -0.55961578793542268627E+00    -0.48148802117560972560E-03
   -0.69314718055994530942E+00    -0.28280095325121082131E-03
   -0.81093021621632876396E+00    -0.17672617169586983337E-03
   -0.91629073187415506518E+00    -0.11597438994954840793E-03
   -0.10116009116784799252E+01    -0.79173620667365576968E-04
   -0.10986122886681096914E+01    -0.55836511978534266438E-04
   -0.11786549963416461172E+01    -0.40462237703952904816E-04
   -0.12527629684953679957E+01    -0.30002042877285127576E-04
   -0.13217558399823194472E+01    -0.22686029099791298078E-04
   -0.13862943611198906188E+01    -0.17445265323182334019E-04
   -0.14469189829363254614E+01    -0.13611743723584747924E-04
   -0.15040773967762740734E+01    -0.10755382329197611145E-04
   -0.15581446180465498412E+01    -0.85919258396737706710E-05
   -0.16094379124341003746E+01    -0.69290794507767332109E-05
   -0.16582280766035323777E+01    -0.56340274928056795494E-05
   -0.17047480922384252346E+01    -0.46133069537042931873E-05
   -0.17491998548092590720E+01    -0.38000283960285814166E-05
   -0.17917594692280550008E+01    -0.31455813983494636280E-05
   -0.18325814637483101304E+01    -0.26141422091233653984E-05
   -0.18718021769015914266E+01    -0.21789701588503706832E-05
   -0.19095425048844384554E+01    -0.18198683502493633033E-05
   -0.19459101490553133051E+01    -0.15214157982020482552E-05
   -0.19810014688665834083E+01    -0.12717191852433371155E-05
   -0.20149030205422647566E+01    -0.10615199458299697601E-05
   -0.20476928433652556271E+01    -0.88354776400289437251E-06
   -0.20794415416798359283E+01    -0.73204719157902809307E-06
   -0.21102132003465896166E+01    -0.60242737630040457517E-06
   -0.21400661634962707708E+01    -0.49100033158891024461E-06
   -0.21690537003695230609E+01    -0.39478356312208774081E-06
   -0.21972245773362193828E+01    -0.31134993954856091285E-06
   -0.22246235515243338255E+01    -0.23871256955388651149E-06
   -0.22512917986064951506E+01    -0.17523584591152623752E-06
   -0.22772672850097558086E+01    -0.11956621155137235410E-06
   -0.23025850929940456840E+01    -0.70577906627105362519E-07
   -0.23272777055844171850E+01    -0.27330179660942935397E-07
   -0.23513752571634776871E+01     0.10966666893609184294E-07
   -0.23749057545736718046E+01     0.44978377756170445504E-07
   -0.23978952727983705441E+01     0.75268495761552586269E-07
   -0.24203681286504291386E+01     0.10231591095626627343E-06
   -0.24423470353692043814E+01     0.12652909076995153168E-06
   -0.24638532405901679680E+01     0.14825767431718012117E-06
   -0.24849066497880003102E+01     0.16780196237704892250E-06
   -0.25055259369907359914E+01     0.18542071902366806372E-06
   -0.25257286443082554398E+01     0.20133761218698775914E-06
   -0.25455312716044351528E+01     0.21574655196669484887E-06
   -0.25649493574615367361E+01     0.22881613239364305937E-06
   -0.25839975524322312153E+01     0.24069334088352547892E-06
   -0.26026896854443837648E+01     0.25150666712537710487E-06
   -0.26210388241125802998E+01     0.26136871753764006756E-06
   -0.26390573296152586145E+01     0.27037842115116446978E-06
   -0.26567569067146595326E+01     0.27862289665760051410E-06
   -0.26741486494265287178E+01     0.28617903748727151376E-06
   -0.26912430827858288318E+01     0.29311486145621837493E-06
   -0.27080502011022100660E+01     0.29949066320942630474E-06
   -0.27245795030534206299E+01     0.30536000096842904829E-06
   -0.27408400239252009365E+01     0.31077054364067576280E-06
   -0.27568403652716420691E+01     0.31576479991001354179E-06
   -0.27725887222397812377E+01     0.32038074730163671887E-06
   -0.27880929087757464918E+01     0.32465237624234192914E-06
   -0.28033603809065349260E+01     0.32861016169220542101E-06
   -0.28183982582710754408E+01     0.33228147290682460786E-06
   -0.28332133440562160802E+01     0.33569093022012523822E-06
   -0.28478121434773687634E+01     0.33886071635236517468E-06
   -0.28622008809294683703E+01     0.34181084859483110057E-06
   -0.28763855159214248025E+01     0.34455941726023101182E-06
   -0.28903717578961646922E+01     0.34712279498225236025E-06
   -0.29041650800285005103E+01     0.34951582077182466142E-06
   -0.29177707320842791350E+01     0.35175196216900526906E-06
   -0.29311937524164198218E+01     0.35384345834988184169E-06
   -0.29444389791664404600E+01     0.35580144664252590827E-06
   -0.29575110607337932303E+01     0.35763607456256967930E-06
   -0.29704144655697011180E+01     0.35935659918730202499E-06
   -0.29831534913471308753E+01     0.36097147543893513186E-06
   -0.29957322735539909934E+01     0.36248843463596016582E-06
   -0.30081547935525481467E+01     0.36391455449054095003E-06
   -0.30204248861443624944E+01     0.36525632157490452484E-06
   -0.30325462466767073046E+01     0.36651968714668376188E-06
   -0.30445224377234229965E+01     0.36771011710881036575E-06
   -0.30563568953704258360E+01     0.36883263678104701875E-06
   -0.30680529351336171141E+01     0.36989187107523301732E-06
   -0.30796137575346930997E+01     0.37089208059281815181E-06
   -0.30910424533583158535E+01     0.37183719409960391908E-06
   -0.31023420086122492195E+01     0.37273083777738679053E-06
   -0.31135153092103744480E+01     0.37357636160420848578E-06
   -0.31245651453969594223E+01     0.37437686317314728094E-06
   -0.31354942159291496908E+01     0.37513520922316851152E-06
   -0.31463051320333653185E+01     0.37585405512375567329E-06
   -0.31570004211501132774E+01     0.37653586252723772020E-06
   -0.31675825304806502158E+01     0.37718291537837620296E-06
   -0.31780538303479456196E+01     0.37779733444941772674E-06
   -0.31884166173834922033E+01     0.37838109055005810802E-06
   -0.31986731175506813008E+01     0.37893601654526534027E-06
   -0.32088254890146993080E+01     0.37946381829937701308E-06
   -0.32188758248682007492E+01     0.37996608465207238838E-06
   -0.32288261557213688320E+01     0.38044429652050249836E-06
   -0.32386784521643804622E+01     0.38089983521185535217E-06
   -0.32484346271097451519E+01     0.38133399002177475286E-06
   -0.32580965380214820455E+01     0.38174796518619905416E-06
   -0.32676659890376327523E+01     0.38214288624721770688E-06
   -0.32771447329921765247E+01     0.38251980588735190133E-06
   -0.32865344733420155545E+01     0.38287970928115801369E-06
   -0.32958368660043290742E+01     0.38322351900814779561E-06
   -0.33050535211092530815E+01     0.38355209956664646146E-06
   -0.33141860046725256092E+01     0.38386626152430706711E-06
   -0.33232358401924435169E+01     0.38416676533751258146E-06
   -0.33322045101752039239E+01     0.38445432486877825766E-06
   -0.33410934575924499497E+01     0.38472961062847455597E-06
   -0.33499040872746048420E+01     0.38499325276468825184E-06
   -0.33586377672433594466E+01     0.38524584382279418651E-06
   -0.33672958299864740272E+01     0.38548794129429393047E-06
   -0.33758795736778655000E+01     0.38572006997266534011E-06
   -0.33843902633457741412E+01     0.38594272413233643860E-06
   -0.33928291319916387665E+01     0.38615636954542865789E-06
   -0.34011973816621553754E+01     0.38636144534959091051E-06
   -0.34094961844768504693E+01     0.38655836577905186589E-06
   -0.34177266836133659393E+01     0.38674752176993957247E-06
   -0.34258899942525268764E+01     0.38692928244994311122E-06
   -0.34339872044851462459E+01     0.38710399652150955052E-06
   -0.34420193761824105050E+01     0.38727199354697154682E-06
   -0.34499875458315873785E+01     0.38743358514327799787E-06
   -0.34578927253387006542E+01     0.38758906609334462820E-06
   -0.34657359027997265471E+01     0.38773871538044651132E-06
   -0.34735180432417814960E+01     0.38788279715153427549E-06
   -0.34812400893356918012E+01     0.38802156161486470663E-06
   -0.34889029620812609253E+01     0.38815524587688983080E-06
   -0.34965075614664802355E+01     0.38828407472294200941E-06
   -0.35040547671018631463E+01     0.38840826134588224615E-06
   -0.35115454388310207503E+01     0.38852800802654131372E-06
   -0.35189804173185388300E+01     0.38864350676947534733E-06
   -0.35263605246161613897E+01     0.38875493989727642322E-06
   -0.35336865647082342965E+01     0.38886248060642182812E-06
   -0.35409593240373140728E+01     0.38896629348741096763E-06
   -0.35481795720108011384E+01     0.38906653501172411898E-06
   -0.35553480614894136797E+01     0.38916335398794067197E-06
   -0.35624655292582776594E+01     0.38925689198917446235E-06
   -0.35695326964813701119E+01     0.38934728375381879246E-06
   -0.35765502691400166613E+01     0.38943465756144240210E-06
   -0.35835189384561100016E+01     0.38951913558553877992E-06
   -0.35904393813006837829E+01     0.38960083422470368638E-06
   -0.35973122605884458197E+01     0.38967986441369859597E-06
   -0.36041382256588456828E+01     0.38975633191575005255E-06
   -0.36109179126442244444E+01     0.38983033759733584756E-06
   -0.36176519448255685222E+01     0.38990197768661773151E-06
   -0.36243409329763651312E+01     0.38997134401659638015E-06
   -0.36309854756950337100E+01     0.39003852425398694295E-06
   -0.36375861597263857694E+01     0.39010360211474214655E-06
   -0.36441435602725448442E+01     0.39016665756708410149E-06
   -0.36506582412937385398E+01     0.39022776702284520582E-06
   -0.36571307557993560017E+01     0.39028700351786243324E-06
   -0.36635616461296464274E+01     0.39034443688211745310E-06
   -0.36699514442284174386E+01     0.39040013390026710633E-06
   -0.36763006719070761848E+01     0.39045415846316443543E-06
   -0.36826098411003409067E+01     0.39050657171092944787E-06
   -0.36888794541139363029E+01     0.39055743216809081490E-06
   -0.36951100038645723771E+01     0.39060679587128452803E-06
   -0.37013019741124934562E+01     0.39065471648996293286E-06
   -0.37074558396868717152E+01     0.39070124544053732960E-06
   -0.37135720667043078039E+01     0.39074643199434928639E-06
   -0.37196511127806899912E+01     0.39079032337983978513E-06
   -0.37256934272366526141E+01     0.39083296487926115277E-06
   -0.37316994512968644884E+01     0.39087439992025428177E-06
   -0.37376696182833683059E+01     0.39091467016259277958E-06
   -0.37436043538031828533E+01     0.39095381558037628784E-06
   -0.37495040759303711454E+01     0.39099187453993716729E-06
   -0.37553691953827692240E+01     0.39102888387370795153E-06
   -0.37612001156935624235E+01     0.39106487895028133872E-06
   -0.37669972333778883281E+01     0.39109989374087992851E-06
   -0.37727609380946384092E+01     0.39113396088243934303E-06
   -0.37784916128036234355E+01     0.39116711173749572232E-06
   -0.37841896339182611629E+01     0.39119937645105678896E-06
   -0.37898553714539385232E+01     0.39123078400462467221E-06
   -0.37954891891721945289E+01     0.39126136226752841086E-06
   -0.38010914447208643773E+01     0.39129113804571446431E-06
   -0.38066624897703197574E+01     0.39132013712813460362E-06
   -0.38122026701459351280E+01     0.39134838433086218432E-06
   -0.38177123259569047317E+01     0.39137590353905997829E-06
   -0.38231917917215303213E+01     0.39140271774691542514E-06
   -0.38286413964890950002E+01     0.39142884909565231895E-06
   -0.38340614639584342001E+01     0.39145431890972154010E-06
   -0.38394523125933106279E+01     0.39147914773126744553E-06
   -0.38448142557346960055E+01     0.39150335535296091401E-06
   -0.38501476017100585868E+01     0.39152696084928478191E-06
   -0.38554526539397517605E+01     0.39154998260635247322E-06
   -0.38607297110405955252E+01     0.39157243835033600495E-06
   -0.38659790669267392540E+01     0.39159434517457521300E-06
   -0.38712010109078909291E+01     0.39161571956543597585E-06
   -0.38763958277849949330E+01     0.39163657742698139613E-06
   -0.38815637979434375127E+01     0.39165693410451631599E-06
   -0.38867051974438561832E+01     0.39167680440706217639E-06
   -0.38918202981106266102E+01     0.39169620262881606895E-06
   -0.38969093676180978879E+01     0.39171514256964485694E-06
   -0.39019726695746446174E+01     0.39173363755466244951E-06
   -0.39070104636046017766E+01     0.39175170045293568615E-06
   -0.39120230054281460586E+01     0.39176934369536181790E-06
   -0.39170105469391851322E+01     0.39178657929175824706E-06
   -0.39219733362813141415E+01     0.39180341884720299905E-06
   -0.39269116179218967135E+01     0.39181987357766233979E-06
   -0.39318256327243257716E+01     0.39183595432494001176E-06
   -0.39367156180185175596E+01     0.39185167157098073399E-06
   -0.39415818076696904614E+01     0.39186703545155888875E-06
   -0.39464244321454784548E+01     0.39188205576938169359E-06
   -0.39512437185814273549E+01     0.39189674200663462670E-06
   -0.39560398908449203852E+01     0.39191110333699542919E-06
   -0.39608131695975780617E+01     0.39192514863714164533E-06
   -0.39655637723561758769E+01     0.39193888649777537620E-06
   -0.39702919135521218341E+01     0.39195232523418770812E-06
   -0.39749978045895344939E+01     0.39196547289638413119E-06
   -0.39796816539019608639E+01     0.39197833727879118064E-06
   -0.39843436670077721792E+01     0.39199092592956351095E-06
   -0.39889840465642743836E+01     0.39200324615950964580E-06
   -0.39936029924205689322E+01     0.39201530505065373377E-06
   -0.39982007016691983910E+01     0.39202710946444977507E-06
   -0.40027773686966102017E+01     0.39203866604966396792E-06
   -0.40073331852324709187E+01     0.39204998124994005008E-06
   -0.40118683403978621975E+01     0.39206106131106177928E-06
   -0.40163830207523888263E+01     0.39207191228792600434E-06
   -0.40208774103402281398E+01     0.39208254005123912267E-06
   -0.40253516907351492334E+01     0.39209295029394909971E-06
   -0.40298060410845295132E+01     0.39210314853742463714E-06
   -0.40342406381523952592E+01     0.39211314013739252022E-06
   -0.40386556563615120562E+01     0.39212293028964364592E-06
   -0.40430512678345501514E+01     0.39213252403551773362E-06
   -0.40474276424343490296E+01     0.39214192626717624513E-06
   -0.40517849478033047560E+01     0.39215114173267259079E-06
   -0.40561233494019029217E+01     0.39216017504082827175E-06
   -0.40604430105464193366E+01     0.39216903066592320292E-06
   -0.40647440924458099465E+01     0.39217771295220807700E-06
   -0.40690267542378108094E+01     0.39218622611824626495E-06
   -0.40732911530242683426E+01     0.39219457426109240158E-06
   -0.40775374439057194506E+01     0.39220276136031447596E-06
   -0.40817657800152405667E+01     0.39221079128186593377E-06
   -0.40859763125515840759E+01     0.39221866778181400156E-06
   -0.40901691908116200481E+01     0.39222639450993016071E-06
   -0.40943445622221006848E+01     0.39223397501314843042E-06
   -0.40985025723707643766E+01     0.39224141273889686426E-06
   -0.41026433650367957787E+01     0.39224871103830742176E-06
   -0.41067670822206578381E+01     0.39225587316930914632E-06
   -0.41108738641733112488E+01     0.39226290229960936062E-06
   -0.41149638494248363660E+01     0.39226980150956738238E-06
   -0.41190371748124721858E+01     0.39227657379496506414E-06
   -0.41230939755080865772E+01     0.39228322206967827156E-06
   -0.41271343850450915553E+01     0.39228974916825323464E-06
   -0.41311585353448169960E+01     0.39229615784839153463E-06
   -0.41351665567423558144E+01     0.39230245079334732577E-06
   -0.41391585780118932674E+01     0.39230863061424023550E-06
   -0.41431347263915326879E+01     0.39231469985228723826E-06
   -0.41470951276076296160E+01     0.39232066098095665649E-06
   -0.41510399058986459636E+01     0.39232651640804730789E-06
   -0.41549691840385355274E+01     0.39233226847769568899E-06
   -0.41588830833596718565E+01     0.39233791947231396298E-06
   -0.41627817237753291795E+01     0.39234347161446140244E-06
   -0.41666652238017268055E+01     0.39234892706865182624E-06
   -0.41705337005796471306E+01     0.39235428794309946336E-06
   -0.41743872698956371107E+01     0.39235955629140557487E-06
   -0.41782260462028027911E+01     0.39236473411418806815E-06
   -0.41820501426412062347E+01     0.39236982336065624522E-06
   -0.41858596710578739323E+01     0.39237482593013273809E-06
   -0.41896547420264255449E+01     0.39237974367352460028E-06
   -0.41934354648663315899E+01     0.39238457839474544234E-06
   -0.41972019476618084557E+01     0.39238933185209042274E-06
   -0.42009542972803589109E+01     0.39239400575956583141E-06
   -0.42046926193909660597E+01     0.39239860178817493311E-06
   -0.42084170184819484874E+01     0.39240312156716167050E-06
   -0.42121275978784841394E+01     0.39240756668521376236E-06
   -0.42158244597598102813E+01     0.39241193869162667104E-06
   -0.42195077051761066991E+01     0.39241623909742985431E-06
   -0.42231774340650691137E+01     0.39242046937647666068E-06
   -0.42268337452681796059E+01     0.39242463096649917317E-06
   -0.42304767365466806744E+01     0.39242872527012925527E-06
   -0.42341065045972593822E+01     0.39243275365588700348E-06
   -0.42377231450674478810E+01     0.39243671745913776343E-06
   -0.42413267525707464478E+01     0.39244061798301882180E-06
   -0.42449174207014750099E+01     0.39244445649933684266E-06
   -0.42484952420493589891E+01     0.39244823424943707560E-06
   -0.42520603082138551463E+01     0.39245195244504532345E-06
   -0.42556127098182229688E+01     0.39245561226908361909E-06
   -0.42591525365233470058E+01     0.39245921487646052485E-06
   -0.42626798770413154213E+01     0.39246276139483693275E-06
   -0.42661948191487599072E+01     0.39246625292536821057E-06
   -0.42696974496999619707E+01     0.39246969054342350678E-06
   -0.42731878546397304901E+01     0.39247307529928299645E-06
   -0.42766661190160553110E+01     0.39247640821881382080E-06
   -0.42801323269925415417E+01     0.39247969030412544518E-06
   -0.42835865618606290924E+01     0.39248292253420513249E-06
   -0.42870289060516018947E+01     0.39248610586553420378E-06
   -0.42904594411483911291E+01     0.39248924123268573237E-06
   -0.42938782478971766871E+01     0.39249232954890429405E-06
   -0.42972854062187909922E+01     0.39249537170666837295E-06
   -0.43006809952199292064E+01     0.39249836857823600071E-06
   -0.43040650932041697538E+01     0.39250132101617418522E-06
   -0.43074377776828089994E+01     0.39250422985387266522E-06
   -0.43107991253855138316E+01     0.39250709590604250709E-06
   -0.43141492122707958080E+01     0.39250991996920004192E-06
   -0.43174881135363104406E+01     0.39251270282213662263E-06
   -0.43208159036289851097E+01     0.39251544522637466366E-06
   -0.43241326562549790194E+01     0.39251814792661040942E-06
   -0.43274384443894785234E+01     0.39252081165114386127E-06
   -0.43307333402863310788E+01     0.39252343711229627796E-06
   -0.43340174154875210045E+01     0.39252602500681564934E-06
   -0.43372907408324901536E+01     0.39252857601627052925E-06
   -0.43405533864673065348E+01     0.39253109080743259965E-06
   -0.43438054218536838492E+01     0.39253357003264832524E-06
   -0.43470469157778548433E+01     0.39253601433020004488E-06
   -0.43502779363593013111E+01     0.39253842432465683436E-06
   -0.43534985510593435154E+01     0.39254080062721546318E-06
   -0.43567088266895917369E+01     0.39254314383603175680E-06
   -0.43599088294202625978E+01     0.39254545453654266531E-06
   -0.43630986247883627480E+01     0.39254773330177932862E-06
   -0.43662782777057424437E+01     0.39254998069267141882E-06
   -0.43694478524670214942E+01     0.39255219725834303030E-06
   -0.43726074127573899954E+01     0.39255438353640037921E-06
   -0.43757570216602862161E+01     0.39255654005321156492E-06
   -0.43788967416649539524E+01     0.39255866732417863743E-06
   -0.43820266346738816123E+01     0.39256076585400220662E-06
   -0.43851467620101252459E+01     0.39256283613693882106E-06
   -0.43882571844245176865E+01     0.39256487865705133656E-06
   -0.43913579621027659214E+01     0.39256689388845248741E-06
   -0.43944491546724387656E+01     0.39256888229554186566E-06
   -0.43975308212098468664E+01     0.39257084433323650756E-06
   -0.44006030202468170246E+01     0.39257278044719527930E-06
   -0.44036658097773627729E+01     0.39257469107403724774E-06
   -0.44067192472642531133E+01     0.39257657664155421609E-06
   -0.44097633896454812731E+01     0.39257843756891759821E-06
   -0.44127982933406353006E+01     0.39258027426687979967E-06
   -0.44158240142571722820E+01     0.39258208713797026813E-06
   -0.44188406077965979235E+01     0.39258387657668637046E-06
   -0.44218481288605532083E+01     0.39258564296967924871E-06
   -0.44248466318568097978E+01     0.39258738669593480218E-06
   -0.44278361707051758154E+01     0.39258910812694993820E-06
   -0.44308167988433136153E+01     0.39259080762690422941E-06
   -0.44337885692324711057E+01     0.39259248555282711115E-06
   -0.44367515343631281627E+01     0.39259414225476074809E-06
   -0.44397057462605596411E+01     0.39259577807591869524E-06
   -0.44426512564903164549E+01     0.39259739335284047440E-06
   -0.44455881161636261712E+01     0.39259898841554218348E-06
   -0.44485163759427145334E+01     0.39260056358766325199E-06
   -0.44514360860460492965E+01     0.39260211918660945290E-06
   -0.44543472962535077329E+01     0.39260365552369227736E-06
   -0.44572500559114691380E+01     0.39260517290426477534E-06
   -0.44601444139378336375E+01     0.39260667162785396229E-06
   -0.44630304188269685735E+01     0.39260815198828988859E-06
   -0.44659081186545837186E+01     0.39260961427383146566E-06
   -0.44687775610825365444E+01     0.39261105876728913965E-06
   -0.44716387933635687449E+01     0.39261248574614450073E-06
   -0.44744918623459751914E+01     0.39261389548266691363E-06
   -0.44773368144782064723E+01     0.39261528824402725195E-06
   -0.44801736958134061486E+01     0.39261666429240881660E-06
   -0.44830025520138838326E+01     0.39261802388511551617E-06
   -0.44858234283555251771E+01     0.39261936727467738473E-06
   -0.44886363697321398383E+01     0.39262069470895350995E-06
   -0.44914414206597484579E+01     0.39262200643123244279E-06
   -0.44942386252808096868E+01     0.39262330268033015731E-06
   -0.44970280273683882542E+01     0.39262458369068562735E-06
   -0.44998096703302650668E+01     0.39262584969245408491E-06
   -0.45025835972129903012E+01     0.39262710091159802285E-06
   -0.45053498507058804374E+01     0.39262833756997600291E-06
   -0.45081084731449601607E+01     0.39262955988542932810E-06
   -0.45108595065168500412E+01     0.39263076807186663676E-06
   -0.45136029924626008849E+01     0.39263196233934647403E-06
   -0.45163389722814756307E+01     0.39263314289415789462E-06
   -0.45190674869346796528E+01     0.39263430993889914932E-06
   -0.45217885770490403096E+01     0.39263546367255450612E-06
   -0.45245022829206365678E+01     0.39263660429056925538E-06
   -0.45272086445183795096E+01     0.39263773198492294681E-06
   -0.45299077014875445204E+01     0.39263884694420090506E-06
   -0.45325994931532559373E+01     0.39263994935366406885E-06
   -0.45352840585239249225E+01     0.39264103939531719775E-06
   -0.45379614362946413149E+01     0.39264211724797548903E-06
   -0.45406316648505201964E+01     0.39264318308732964611E-06
   -0.45432947822700038962E+01     0.39264423708600943880E-06
   -0.45459508263281201444E+01     0.39264527941364579424E-06
   -0.45485998344996970699E+01     0.39264631023693145667E-06
   -0.45512418439625357290E+01     0.39264732971968025278E-06
   -0.45538768916005408346E+01     0.39264833802288499841E-06
   -0.45565050140068103456E+01     0.39264933530477408152E-06
   -0.45591262474866845634E+01     0.39265032172086675511E-06
   -0.45617406280607553712E+01     0.39265129742402717301E-06
   -0.45643481914678362385E+01     0.39265226256451720054E-06
   -0.45669489731678936049E+01     0.39265321729004803092E-06
   -0.45695430083449402424E+01     0.39265416174583063775E-06
   -0.45721303319098911874E+01     0.39265509607462509283E-06
   -0.45747109785033828221E+01     0.39265602041678877783E-06
   -0.45772849824985556740E+01     0.39265693491032351759E-06
   -0.45798523780038014926E+01     0.39265783969092166189E-06
   -0.45824131988654751522E+01     0.39265873489201114209E-06
   -0.45849674786705719196E+01     0.39265962064479952794E-06
   -0.45875152507493706167E+01     0.39266049707831710946E-06
   -0.45900565481780431974E+01     0.39266136431945902809E-06
   -0.45925914037812312499E+01     0.39266222249302648029E-06
   -0.45951198501345899269E+01     0.39266307172176701677E-06
   -0.45976419195672997942E+01     0.39266391212641395922E-06
   -0.46001576441645470860E+01     0.39266474382572495640E-06
   -0.46026670557699728377E+01     0.39266556693651970044E-06
   -0.46051701859880913680E+01     0.39266638157371682384E-06
   -0.46076670661866785670E+01     0.39266718785036999711E-06
   -0.46101577274991304416E+01     0.39266798587770324635E-06
   -0.46126422008267923631E+01     0.39266877576514550972E-06
   -0.46151205168412594509E+01     0.39266955762036445103E-06
   -0.46175927059866485213E+01     0.39267033154929954833E-06
   -0.46200587984818420229E+01     0.39267109765619447499E-06
   -0.46225188243227043696E+01     0.39267185604362879005E-06
   -0.46249728132842710811E+01     0.39267260681254895442E-06
   -0.46274207949229111269E+01     0.39267335006229868892E-06
   -0.46298627985784628691E+01     0.39267408589064868974E-06
   -0.46322988533763439879E+01     0.39267481439382571674E-06
   -0.46347289882296357708E+01     0.39267553566654106904E-06
   -0.46371532318411421369E+01     0.39267624980201846275E-06
   -0.46395716127054237642E+01     0.39267695689202132450E-06
   -0.46419841591108076792E+01     0.39267765702687951480E-06
   -0.46443908991413726643E+01     0.39267835029551549427E-06
   -0.46467918606789108297E+01     0.39267903678546994593E-06
   -0.46491870714048656947E+01     0.39267971658292686620E-06
   -0.46515765588022471122E+01     0.39268038977273813670E-06
   -0.46539603501575233711E+01     0.39268105643844758926E-06
   -0.46563384725624907988E+01     0.39268171666231457547E-06
   -0.46587109529161211863E+01     0.39268237052533705242E-06
   -0.46610778179263873508E+01     0.39268301810727419565E-06
   -0.46634390941120671436E+01     0.39268365948666855014E-06
   -0.46657948078045262106E+01     0.39268429474086772996E-06
   -0.46681449851494798033E+01     0.39268492394604567684E-06
   -0.46704896521087339350E+01     0.39268554717722348767E-06
   -0.46728288344619061733E+01     0.39268616450828982075E-06
   -0.46751625578081263527E+01     0.39268677601202089035E-06
   -0.46774908475677174887E+01     0.39268738176010005881E-06
   -0.46798137289838571689E+01     0.39268798182313703529E-06
   -0.46821312271242196930E+01     0.39268857627068669006E-06
   -0.46844433668825992279E+01     0.39268916517126749280E-06
   -0.46867501729805142416E+01     0.39268974859237958354E-06
   -0.46890516699687934743E+01     0.39269032660052248421E-06
   -0.46913478822291437004E+01     0.39269089926121245899E-06
   -0.46936388339756995320E+01     0.39269146663899953115E-06
   -0.46959245492565555111E+01     0.39269202879748416401E-06
   -0.46982050519552807312E+01     0.39269258579933361349E-06
   -0.47004803657924162281E+01     0.39269313770629795939E-06
   -0.47027505143269553742E+01     0.39269368457922582267E-06
   -0.47050155209578075069E+01     0.39269422647807977530E-06
   -0.47072754089252450193E+01     0.39269476346195144978E-06
   -0.47095302013123341358E+01     0.39269529558907635460E-06
   -0.47117799210463495941E+01     0.39269582291684840219E-06
   -0.47140245909001734492E+01     0.39269634550183415557E-06
   -0.47162642334936782136E+01     0.39269686339978679988E-06
   -0.47184988712950945428E+01     0.39269737666565984452E-06
   -0.47207285266223636744E+01     0.39269788535362056207E-06
   -0.47229532216444748226E+01     0.39269838951706316928E-06
   -0.47251729783827877291E+01     0.39269888920862175598E-06
   -0.47273878187123405686E+01     0.39269938448018296713E-06
   -0.47295977643631434014E+01     0.39269987538289844338E-06
   -0.47318028369214573656E+01     0.39270036196719702520E-06
   -0.47340030578310597969E+01     0.39270084428279672579E-06
   -0.47361984483944954608E+01     0.39270132237871647745E-06
   -0.47383890297743140804E+01     0.39270179630328765642E-06
   -0.47405748229942943390E+01     0.39270226610416539074E-06
   -0.47427558489406545356E+01     0.39270273182833965575E-06
   -0.47449321283632500654E+01     0.39270319352214616174E-06
   -0.47471036818767578995E+01     0.39270365123127703807E-06
   -0.47492705299618482311E+01     0.39270410500079131796E-06
   -0.47514326929663434552E+01     0.39270455487512522836E-06
   -0.47535901911063646460E+01     0.39270500089810228857E-06
   -0.47557430444674656931E+01     0.39270544311294322204E-06
   -0.47578912730057552559E+01     0.39270588156227568486E-06
   -0.47600348965490066927E+01     0.39270631628814381495E-06
   -0.47621739347977561188E+01     0.39270674733201760554E-06
   -0.47643084073263887459E+01     0.39270717473480210672E-06
   -0.47664383335842136520E+01     0.39270759853684645838E-06
   -0.47685637328965271300E+01     0.39270801877795275817E-06
   -0.47706846244656647600E+01     0.39270843549738476783E-06
   -0.47728010273720423487E+01     0.39270884873387646112E-06
   -0.47749129605751858762E+01     0.39270925852564041669E-06
   -0.47770204429147505904E+01     0.39270966491037605892E-06
   -0.47791234931115293854E+01     0.39271006792527774997E-06
   -0.47812221297684505981E+01     0.39271046760704273591E-06
   -0.47833163713715653575E+01     0.39271086399187894998E-06
   -0.47854062362910246163E+01     0.39271125711551267577E-06
   -0.47874917427820459942E+01     0.39271164701319607328E-06
   -0.47895729089858705616E+01     0.39271203371971457044E-06
   -0.47916497529307096860E+01     0.39271241726939412297E-06
   -0.47937222925326820685E+01     0.39271279769610834500E-06
   -0.47957905455967410881E+01     0.39271317503328551329E-06
   -0.47978545298175925779E+01     0.39271354931391544728E-06
   -0.47999142627806031476E+01     0.39271392057055626771E-06
   -0.48019697619626991719E+01     0.39271428883534103600E-06
   -0.48040210447332565582E+01     0.39271465413998427688E-06
   -0.48060681283549814066E+01     0.39271501651578838654E-06
   -0.48081110299847816754E+01     0.39271537599364992849E-06
   -0.48101497666746299599E+01     0.39271573260406581952E-06
   -0.48121843553724174953E+01     0.39271608637713940760E-06
   -0.48142148129227994886E+01     0.39271643734258644426E-06
   -0.48162411560680318866E+01     0.39271678552974095307E-06
   -0.48182634014487996826E+01     0.39271713096756099655E-06
   -0.48202815656050368648E+01     0.39271747368463434344E-06
   -0.48222956649767381076E+01     0.39271781370918403804E-06
   -0.48243057159047623055E+01     0.39271815106907387392E-06
   -0.48263117346316280465E+01     0.39271848579181377337E-06
   -0.48283137373023011238E+01     0.39271881790456507489E-06
