   -0.93471162800290098844E+00     0.42551064832615545114E-04
   -0.11578551793171107442E+01     0.17311072320861150652E-04
   -0.13401767361110653704E+01     0.82990634942784916399E-05
   -0.14943274159383236747E+01     0.44482877521023511359E-05
   -0.16278588085628462979E+01     0.25827683251850414230E-05
   -0.17456418442192297524E+01     0.15910061625407487693E-05
   -0.18510023598770560536E+01     0.10245950997234986697E-05
   -0.19463125396813809137E+01     0.68214260557869621542E-06
   -0.20333239166710106798E+01     0.46525839331751485603E-06
   -0.21133666243445471057E+01     0.32249984288054144779E-06
   -0.21874745964982689841E+01     0.22542350708067500062E-06
   -0.22564674679852204356E+01     0.15754681550413390661E-06
   -0.23210059891227916073E+01     0.10892881739513633786E-06
   -0.23816306109392264499E+01     0.73363675646454686134E-07
   -0.24387890247791750618E+01     0.46859140430499202561E-07
   -0.24928562460494508296E+01     0.26778231122583287605E-07
   -0.25441495404370013630E+01     0.11337890068963357510E-07
   -0.25929397046064333661E+01    -0.69300667382334267551E-09
   -0.26394597202413262231E+01    -0.10180608106053429303E-07
   -0.26839114828121600604E+01    -0.17744710938236672924E-07
   -0.27264710972309559893E+01    -0.23835709455946375081E-07
   -0.27672930917512111188E+01    -0.28785524662786796830E-07
   -0.28065138049044924151E+01    -0.32841933566792615895E-07
   -0.28442541328873394438E+01    -0.36192099363471502851E-07
   -0.28806217770582142935E+01    -0.38978949178499507452E-07
   -0.29157130968694843968E+01    -0.41312735924110839580E-07
   -0.29496146485451657450E+01    -0.43279307854575491370E-07
   -0.29824044713681566155E+01    -0.44946095507637991582E-07
   -0.30141531696827369167E+01    -0.46366495264651461332E-07
   -0.30449248283494906051E+01    -0.47583112870740269737E-07
   -0.30747777914991717593E+01    -0.48630187114264971532E-07
   -0.31037653283724240493E+01    -0.49535417642978229422E-07
   -0.31319362053391203712E+01    -0.50321355375613267096E-07
   -0.31593351795272348140E+01    -0.51006468814546306877E-07
   -0.31860034266093961390E+01    -0.51605968093370509168E-07
   -0.32119789130126567971E+01    -0.52132446422709057976E-07
   -0.32372967209969466725E+01    -0.52596382822076048328E-07
   -0.32619893335873181735E+01    -0.53006538693712689954E-07
   -0.32860868851663786755E+01    -0.53370272581224430821E-07
   -0.33096173825765727931E+01    -0.53693791452495571053E-07
   -0.33326069008012715325E+01    -0.53982352422802289391E-07
   -0.33550797566533301270E+01    -0.54240425549572506489E-07
   -0.33770586633721053698E+01    -0.54471825873758569983E-07
   -0.33985648685930689564E+01    -0.54679821032817560809E-07
   -0.34196182777909012987E+01    -0.54867219367869508142E-07
   -0.34402375649936369798E+01    -0.55036442377744075082E-07
   -0.34604402723111564282E+01    -0.55189584551546529379E-07
   -0.34802428996073361412E+01    -0.55328462977589733342E-07
   -0.34996609854644377245E+01    -0.55454658634625747289E-07
   -0.35187091804351322037E+01    -0.55569550887491220409E-07
   -0.35374013134472847532E+01    -0.55674346408282930780E-07
   -0.35557504521154812883E+01    -0.55770103506982563560E-07
   -0.35737689576181596030E+01    -0.55857752667655137307E-07
   -0.35914685347175605210E+01    -0.55938113936995158499E-07
   -0.36088602774294297062E+01    -0.56011911692704347766E-07
   -0.36259547107887298202E+01    -0.56079787223507237007E-07
   -0.36427618291051110544E+01    -0.56142309475563899803E-07
   -0.36592911310563216184E+01    -0.56199984257754492206E-07
   -0.36755516519281019249E+01    -0.56253262147771457664E-07
   -0.36915519932745430575E+01    -0.56302545299799186599E-07
   -0.37073003502426822261E+01    -0.56348193320928838455E-07
   -0.37228045367786474803E+01    -0.56390528355879818374E-07
   -0.37380720089094359145E+01    -0.56429839496914924787E-07
   -0.37531098862739764293E+01    -0.56466386617116844030E-07
   -0.37679249720591170687E+01    -0.56500403709699198275E-07
   -0.37825237714802697518E+01    -0.56532101803162241797E-07
   -0.37969125089323693587E+01    -0.56561671511394049759E-07
   -0.38110971439243257909E+01    -0.56589285268877203564E-07
   -0.38250833858990656806E+01    -0.56615099293676389522E-07
   -0.38388767080314014987E+01    -0.56639255314600393688E-07
   -0.38524823600871801234E+01    -0.56661882093646038230E-07
   -0.38659053804193208102E+01    -0.56683096770372759001E-07
   -0.38791506071693414484E+01    -0.56703006051086322839E-07
   -0.38922226887366942188E+01    -0.56721707262514825724E-07
   -0.39051260935726021065E+01    -0.56739289286945802169E-07
   -0.39178651193500318638E+01    -0.56755833393482497606E-07
   -0.39304439015568919819E+01    -0.56771413978105884731E-07
   -0.39428664215554491352E+01    -0.56786099223543495751E-07
   -0.39551365141472634829E+01    -0.56799951688502176103E-07
   -0.39672578746796082931E+01    -0.56813028834582367581E-07
   -0.39792340657263239849E+01    -0.56825383498125484569E-07
   -0.39910685233733268245E+01    -0.56837064313327350705E-07
   -0.40027645631365181025E+01    -0.56848116092157661767E-07
   -0.40143253855375940882E+01    -0.56858580165939630710E-07
   -0.40257540813612168419E+01    -0.56868494692849822160E-07
   -0.40370536366151502079E+01    -0.56877894935082563228E-07
   -0.40482269372132754364E+01    -0.56886813508975097457E-07
   -0.40592767733998604108E+01    -0.56895280610999381556E-07
   -0.40702058439320506792E+01    -0.56903324222186074626E-07
   -0.40810167600362663069E+01    -0.56910970293248988590E-07
   -0.40917120491530142658E+01    -0.56918242912418210277E-07
   -0.41022941584835512042E+01    -0.56925164457762269665E-07
   -0.41127654583508466081E+01    -0.56931755735579831473E-07
   -0.41231282453863931917E+01    -0.56938036106265751905E-07
   -0.41333847455535822892E+01    -0.56944023598901808673E-07
   -0.41435371170176002965E+01    -0.56949735015686258986E-07
   -0.41535874528711017376E+01    -0.56955186027196260331E-07
   -0.41635377837242698205E+01    -0.56960391259371075330E-07
   -0.41733900801672814507E+01    -0.56965364373010121176E-07
   -0.41831462551126461404E+01    -0.56970118136496796841E-07
   -0.41928081660243830339E+01    -0.56974664492385309093E-07
   -0.42023776170405337407E+01    -0.56979014618422276084E-07
   -0.42118563609950775132E+01    -0.56983178983516718100E-07
   -0.42212461013449165429E+01    -0.56987167399120280685E-07
   -0.42305484940072300626E+01    -0.56990989066433418011E-07
   -0.42397651491121540700E+01    -0.56994652619812132146E-07
   -0.42488976326754265977E+01    -0.56998166166713137608E-07
   -0.42579474681953445054E+01    -0.57001537324482493142E-07
   -0.42669161381781049124E+01    -0.57004773254263369027E-07
   -0.42758050855953509382E+01    -0.57007880692272307884E-07
   -0.42846157152775058304E+01    -0.57010865978669746434E-07
   -0.42933493952462604350E+01    -0.57013735084229392593E-07
   -0.43020074579893750156E+01    -0.57016493634992030453E-07
   -0.43105912016807664884E+01    -0.57019146935072219871E-07
   -0.43191018913486751296E+01    -0.57021699987770960141E-07
   -0.43275407599945397550E+01    -0.57024157515133514944E-07
   -0.43359090096650563639E+01    -0.57026523976079085995E-07
   -0.43442078124797514577E+01    -0.57028803583217731620E-07
   -0.43524383116162669278E+01    -0.57031000318459726089E-07
   -0.43606016222554278649E+01    -0.57033117947513332694E-07
   -0.43686988324880472344E+01    -0.57035160033358617264E-07
   -0.43767310041853114934E+01    -0.57037129948777369636E-07
   -0.43846991738344883669E+01    -0.57039030888012348462E-07
   -0.43926043533416016427E+01    -0.57040865877622848588E-07
   -0.44004475308026275355E+01    -0.57042637786597946462E-07
   -0.44082296712446824845E+01    -0.57044349335783650951E-07
   -0.44159517173385927897E+01    -0.57046003106675523786E-07
   -0.44236145900841619138E+01    -0.57047601549624090250E-07
   -0.44312191894693812239E+01    -0.57049146991496496036E-07
   -0.44387663951047641347E+01    -0.57050641642834344010E-07
   -0.44462570668339217387E+01    -0.57052087604544432172E-07
   -0.44536920453214398184E+01    -0.57053486874156182158E-07
   -0.44610721526190623781E+01    -0.57054841351676869727E-07
   -0.44683981927111352849E+01    -0.57056152845073321169E-07
   -0.44756709520402150612E+01    -0.57057423075406501016E-07
   -0.44828912000137021268E+01    -0.57058653681643367760E-07
   -0.44900596894923146681E+01    -0.57059846225168497959E-07
   -0.44971771572611786478E+01    -0.57061002194016259653E-07
   -0.45042443244842711004E+01    -0.57062123006842739257E-07
   -0.45112618971429176497E+01    -0.57063210016655179176E-07
   -0.45182305664590109901E+01    -0.57064264514315354999E-07
   -0.45251510093035847714E+01    -0.57065287731832100533E-07
   -0.45320238885913468081E+01    -0.57066280845457066976E-07
   -0.45388498536617466712E+01    -0.57067244978596770382E-07
   -0.45456295406471254328E+01    -0.57068181204553031660E-07
   -0.45523635728284695106E+01    -0.57069090549103038482E-07
   -0.45590525609792661196E+01    -0.57069973992929452379E-07
   -0.45656971036979346984E+01    -0.57070832473910241025E-07
   -0.45722977877292867579E+01    -0.57071666889277230066E-07
   -0.45788551882754458326E+01    -0.57072478097651735997E-07
   -0.45853698692966395282E+01    -0.57073266920965057113E-07
   -0.45918423838022569901E+01    -0.57074034146271059492E-07
   -0.45982732741325474159E+01    -0.57074780527457595701E-07
   -0.46046630722313184270E+01    -0.57075506786863032064E-07
   -0.46110122999099771732E+01    -0.57076213616803732900E-07
   -0.46173214691032418951E+01    -0.57076901681017954399E-07
   -0.46235910821168372913E+01    -0.57077571616031234136E-07
   -0.46298216318674733655E+01    -0.57078224032448022390E-07
   -0.46360136021153944446E+01    -0.57078859516173986307E-07
   -0.46421674676897727037E+01    -0.57079478629573125568E-07
   -0.46482836947072087923E+01    -0.57080081912563566807E-07
   -0.46543627407835909797E+01    -0.57080669883655652014E-07
   -0.46604050552395536025E+01    -0.57081243040935701983E-07
   -0.46664110792997654769E+01    -0.57081801862998618193E-07
   -0.46723812462862692944E+01    -0.57082346809832284105E-07
   -0.46783159818060838417E+01    -0.57082878323656538533E-07
   -0.46842157039332721339E+01    -0.57083396829719318441E-07
   -0.46900808233856702124E+01    -0.57083902737052405317E-07
   -0.46959117436964634119E+01    -0.57084396439189057189E-07
   -0.47017088613807893165E+01    -0.57084878314845666618E-07
   -0.47074725660975393976E+01    -0.57085348728569452895E-07
   -0.47132032408065244239E+01    -0.57085808031354073356E-07
   -0.47189012619211621513E+01    -0.57086256561224923748E-07
   -0.47245669994568395116E+01    -0.57086694643795790162E-07
   -0.47302008171750955173E+01    -0.57087122592798414782E-07
   -0.47358030727237653658E+01    -0.57087540710586443982E-07
   -0.47413741177732207458E+01    -0.57087949288615139737E-07
   -0.47469142981488361164E+01    -0.57088348607898153390E-07
   -0.47524239539598057202E+01    -0.57088738939442584262E-07
   -0.47579034197244313098E+01    -0.57089120544663473845E-07
   -0.47633530244919959887E+01    -0.57089493675778819283E-07
   -0.47687730919613351886E+01    -0.57089858576186126938E-07
   -0.47741639405962116163E+01    -0.57090215480821468004E-07
   -0.47795258837375969939E+01    -0.57090564616501942967E-07
   -0.47848592297129595753E+01    -0.57090906202252409933E-07
   -0.47901642819426527489E+01    -0.57091240449617283397E-07
   -0.47954413390434965136E+01    -0.57091567562958164479E-07
   -0.48006906949296402425E+01    -0.57091887739738020942E-07
   -0.48059126389107919175E+01    -0.57092201170792595217E-07
   -0.48111074557878959215E+01    -0.57092508040589681002E-07
   -0.48162754259463385011E+01    -0.57092808527476873609E-07
   -0.48214168254467571717E+01    -0.57093102803918365989E-07
   -0.48265319261135275986E+01    -0.57093391036721331115E-07
   -0.48316209956209988764E+01    -0.57093673387252401984E-07
   -0.48366842975775456059E+01    -0.57093950011644732878E-07
   -0.48417220916075027650E+01    -0.57094221060996099463E-07
   -0.48467346334310470471E+01    -0.57094486681558470845E-07
   -0.48517221749420861207E+01    -0.57094747014919463613E-07
   -0.48566849642842151299E+01    -0.57095002198176066177E-07
   -0.48616232459247977019E+01    -0.57095252364101001252E-07
   -0.48665372607272267601E+01    -0.57095497641302075019E-07
   -0.48714272460214185481E+01    -0.57095738154374843336E-07
   -0.48762934356725914498E+01    -0.57095974024048908186E-07
   -0.48811360601483794432E+01    -0.57096205367328141397E-07
   -0.48859553465843283433E+01    -0.57096432297625117373E-07
   -0.48907515188478213737E+01    -0.57096654924890022174E-07
   -0.48955247976004790501E+01    -0.57096873355734292680E-07
   -0.49002754003590768653E+01    -0.57097087693549226695E-07
   -0.49050035415550228226E+01    -0.57097298038619792747E-07
   -0.49097094325924354823E+01    -0.57097504488233856820E-07
   -0.49143932819048618523E+01    -0.57097707136787032430E-07
   -0.49190552950106731677E+01    -0.57097906075883350218E-07
   -0.49236956745671753720E+01    -0.57098101394431933496E-07
   -0.49283146204234699206E+01    -0.57098293178739857031E-07
   -0.49329123296720993794E+01    -0.57098481512601357671E-07
   -0.49374889966995111901E+01    -0.57098666477383557191E-07
   -0.49420448132353719071E+01    -0.57098848152108849950E-07
   -0.49465799684007631859E+01    -0.57099026613534100595E-07
   -0.49510946487552898148E+01    -0.57099201936226790058E-07
   -0.49555890383431291282E+01    -0.57099374192638241489E-07
   -0.49600633187380502218E+01    -0.57099543453174051475E-07
   -0.49645176690874305016E+01    -0.57099709786261845993E-07
   -0.49689522661552962476E+01    -0.57099873258416474869E-07
   -0.49733672843644130446E+01    -0.57100033934302753190E-07
   -0.49777628958374511398E+01    -0.57100191876795853059E-07
   -0.49821392704372500180E+01    -0.57100347147039444244E-07
   -0.49864965758062057444E+01    -0.57100499804501677719E-07
   -0.49908349774048039102E+01    -0.57100649907029101770E-07
   -0.49951546385493203250E+01    -0.57100797510898596205E-07
   -0.49994557204487109349E+01    -0.57100942670867406299E-07
   -0.50037383822407117979E+01    -0.57101085440221354404E-07
   -0.50080027810271693310E+01    -0.57101225870821303611E-07
   -0.50122490719086204391E+01    -0.57101364013147944493E-07
   -0.50164774080181415552E+01    -0.57101499916344972783E-07
   -0.50206879405544850644E+01    -0.57101633628260722790E-07
   -0.50248808188145210366E+01    -0.57101765195488318485E-07
   -0.50290561902250016733E+01    -0.57101894663404401435E-07
   -0.50332142003736653651E+01    -0.57102022076206492156E-07
   -0.50373549930396967671E+01    -0.57102147476949038969E-07
   -0.50414787102235588266E+01    -0.57102270907578206073E-07
   -0.50455854921762122372E+01    -0.57102392408965450305E-07
   -0.50496754774277373544E+01    -0.57102512020939933902E-07
   -0.50537488028153731743E+01    -0.57102629782319818538E-07
   -0.50578056035109875657E+01    -0.57102745730942483969E-07
   -0.50618460130479925438E+01    -0.57102859903693712748E-07
   -0.50658701633477179845E+01    -0.57102972336535880722E-07
   -0.50698781847452568028E+01    -0.57103083064535191320E-07
   -0.50738702060147942558E+01    -0.57103192121887990045E-07
   -0.50778463543944336763E+01    -0.57103299541946194041E-07
   -0.50818067556105306045E+01    -0.57103405357241870146E-07
   -0.50857515339015469521E+01    -0.57103509599510993449E-07
   -0.50896808120414365158E+01    -0.57103612299716417038E-07
   -0.50935947113625728449E+01    -0.57103713488070082337E-07
   -0.50974933517782301680E+01    -0.57103813194054498254E-07
   -0.51013768518046277939E+01    -0.57103911446443516157E-07
   -0.51052453285825481191E+01    -0.57104008273322426622E-07
   -0.51090988978985380991E+01    -0.57104103702107402835E-07
   -0.51129376742057037796E+01    -0.57104197759564314490E-07
   -0.51167617706441072232E+01    -0.57104290471826935119E-07
   -0.51205712990607749207E+01    -0.57104381864414564799E-07
   -0.51243663700293265333E+01    -0.57104471962249089353E-07
   -0.51281470928692325783E+01    -0.57104560789671496286E-07
   -0.51319135756647094441E+01    -0.57104648370457866917E-07
   -0.51356659252832598993E+01    -0.57104734727834863369E-07
   -0.51394042473938670481E+01    -0.57104819884494728366E-07
   -0.51431286464848494758E+01    -0.57104903862609815062E-07
   -0.51468392258813851278E+01    -0.57104986683846663470E-07
   -0.51505360877627112697E+01    -0.57105068369379639392E-07
   -0.51542193331790076875E+01    -0.57105148939904151152E-07
   -0.51578890620679701022E+01    -0.57105228415649458823E-07
   -0.51615453732710805943E+01    -0.57105306816391090095E-07
   -0.51651883645495816629E+01    -0.57105384161462876356E-07
   -0.51688181326001603706E+01    -0.57105460469768622080E-07
   -0.51724347730703488695E+01    -0.57105535759793420066E-07
   -0.51760383805736474362E+01    -0.57105610049614624644E-07
   -0.51796290487043759983E+01    -0.57105683356912494476E-07
   -0.51832068700522599776E+01    -0.57105755698980516144E-07
   -0.51867719362167561347E+01    -0.57105827092735419309E-07
   -0.51903243378211239572E+01    -0.57105897554726893815E-07
   -0.51938641645262479942E+01    -0.57105967101147018715E-07
   -0.51973915050442164098E+01    -0.57106035747839412843E-07
   -0.52009064471516608956E+01    -0.57106103510308116195E-07
   -0.52044090777028629591E+01    -0.57106170403726211016E-07
   -0.52078994826426314786E+01    -0.57106236442944191217E-07
   -0.52113777470189562995E+01    -0.57106301642498088363E-07
   -0.52148439549954425301E+01    -0.57106366016617362233E-07
   -0.52182981898635300808E+01    -0.57106429579232563621E-07
   -0.52217405340545028831E+01    -0.57106492343982776788E-07
   -0.52251710691512921175E+01    -0.57106554324222848709E-07
   -0.52285898759000776755E+01    -0.57106615533030411988E-07
   -0.52319970342216919806E+01    -0.57106675983212708084E-07
   -0.52353926232228301948E+01    -0.57106735687313217245E-07
   -0.52387767212070707422E+01    -0.57106794657618101321E-07
   -0.52421494056857099879E+01    -0.57106852906162465405E-07
   -0.52455107533884148200E+01    -0.57106910444736444057E-07
   -0.52488608402736967965E+01    -0.57106967284891117633E-07
   -0.52521997415392114290E+01    -0.57107023437944264081E-07
   -0.52555275316318860982E+01    -0.57107078914985951360E-07
   -0.52588442842578800078E+01    -0.57107133726883975448E-07
   -0.52621500723923795119E+01    -0.57107187884289148777E-07
   -0.52654449682892320673E+01    -0.57107241397640443697E-07
   -0.52687290434904219930E+01    -0.57107294277169995480E-07
   -0.52720023688353911421E+01    -0.57107346532907969186E-07
   -0.52752650144702075232E+01    -0.57107398174687294552E-07
   -0.52785170498565848376E+01    -0.57107449212148272965E-07
   -0.52817585437807558318E+01    -0.57107499654743060403E-07
   -0.52849895643622022996E+01    -0.57107549511740030119E-07
   -0.52882101790622445038E+01    -0.57107598792228018703E-07
   -0.52914204546924927253E+01    -0.57107647505120459046E-07
   -0.52946204574231635863E+01    -0.57107695659159403597E-07
   -0.52978102527912637364E+01    -0.57107743262919441215E-07
   -0.53009899057086434321E+01    -0.57107790324811510773E-07
   -0.53041594804699224826E+01    -0.57107836853086614607E-07
   -0.53073190407602909838E+01    -0.57107882855839434759E-07
   -0.53104686496631872046E+01    -0.57107928341011854903E-07
   -0.53136083696678549408E+01    -0.57107973316396390730E-07
   -0.53167382626767826007E+01    -0.57108017789639531462E-07
   -0.53198583900130262343E+01    -0.57108061768244995120E-07
   -0.53229688124274186749E+01    -0.57108105259576900043E-07
   -0.53260695901056669099E+01    -0.57108148270862855093E-07
   -0.53291607826753397540E+01    -0.57108190809196970912E-07
   -0.53322424492127478549E+01    -0.57108232881542794495E-07
   -0.53353146482497180131E+01    -0.57108274494736169297E-07
   -0.53383774377802637614E+01    -0.57108315655488022999E-07
   -0.53414308752671541017E+01    -0.57108356370387085012E-07
   -0.53444750176483822615E+01    -0.57108396645902535706E-07
   -0.53475099213435362891E+01    -0.57108436488386589315E-07
   -0.53505356422600732704E+01    -0.57108475904077012392E-07
   -0.53535522357994989119E+01    -0.57108514899099579621E-07
   -0.53565597568634541968E+01    -0.57108553479470468761E-07
   -0.53595582598597107863E+01    -0.57108591651098596425E-07
   -0.53625477987080768039E+01    -0.57108629419787896333E-07
   -0.53655284268462146038E+01    -0.57108666791239541665E-07
   -0.53685001972353720941E+01    -0.57108703771054113038E-07
   -0.53714631623660291511E+01    -0.57108740364733713629E-07
   -0.53744173742634606296E+01    -0.57108776577684032901E-07
   -0.53773628844932174433E+01    -0.57108812415216360335E-07
   -0.53802997441665271596E+01    -0.57108847882549550539E-07
   -0.53832280039456155218E+01    -0.57108882984811941076E-07
   -0.53861477140489502849E+01    -0.57108917727043224276E-07
   -0.53890589242564087213E+01    -0.57108952114196274301E-07
   -0.53919616839143701264E+01    -0.57108986151138930659E-07
   -0.53948560419407346260E+01    -0.57109019842655739349E-07
   -0.53977420468298695620E+01    -0.57109053193449652776E-07
   -0.54006197466574847070E+01    -0.57109086208143689533E-07
   -0.54034891890854375328E+01    -0.57109118891282555133E-07
   -0.54063504213664697333E+01    -0.57109151247334224722E-07
   -0.54092034903488761798E+01    -0.57109183280691488790E-07
   -0.54120484424811074608E+01    -0.57109214995673462851E-07
   -0.54148853238163071370E+01    -0.57109246396527062047E-07
   -0.54177141800167848210E+01    -0.57109277487428441602E-07
   -0.54205350563584261655E+01    -0.57109308272484404012E-07
   -0.54233479977350408268E+01    -0.57109338755733773854E-07
   -0.54261530486626494464E+01    -0.57109368941148741038E-07
   -0.54289502532837106752E+01    -0.57109398832636173351E-07
   -0.54317396553712892427E+01    -0.57109428434038899052E-07
   -0.54345212983331660552E+01    -0.57109457749136960328E-07
   -0.54372952252158912896E+01    -0.57109486781648838332E-07
   -0.54400614787087814259E+01    -0.57109515535232650550E-07
   -0.54428201011478611491E+01    -0.57109544013487321198E-07
   -0.54455711345197510296E+01    -0.57109572219953725340E-07
   -0.54483146204655018733E+01    -0.57109600158115807390E-07
   -0.54510506002843766192E+01    -0.57109627831401674656E-07
   -0.54537791149375806412E+01    -0.57109655243184666553E-07
   -0.54565002050519412981E+01    -0.57109682396784400093E-07
   -0.54592139109235375563E+01    -0.57109709295467792258E-07
   -0.54619202725212804980E+01    -0.57109735942450059830E-07
   -0.54646193294904455089E+01    -0.57109762340895697241E-07
   -0.54673111211561569258E+01    -0.57109788493919432992E-07
   -0.54699956865268259109E+01    -0.57109814404587165175E-07
   -0.54726730642975423033E+01    -0.57109840075916876607E-07
   -0.54753432928534211848E+01    -0.57109865510879530099E-07
   -0.54780064102729048847E+01    -0.57109890712399944319E-07
   -0.54806624543310211328E+01    -0.57109915683357650760E-07
   -0.54833114625025980583E+01    -0.57109940426587732244E-07
   -0.54859534719654367174E+01    -0.57109964944881643440E-07
   -0.54885885196034418230E+01    -0.57109989240988013804E-07
   -0.54912166420097113340E+01    -0.57110013317613433407E-07
   -0.54938378754895855519E+01    -0.57110037177423222018E-07
   -0.54964522560636563596E+01    -0.57110060823042181891E-07
   -0.54990598194707372269E+01    -0.57110084257055334614E-07
   -0.55016606011707945934E+01    -0.57110107482008642426E-07
   -0.55042546363478412309E+01    -0.57110130500409714354E-07
   -0.55068419599127921759E+01    -0.57110153314728497551E-07
   -0.55094226065062838106E+01    -0.57110175927397954170E-07
   -0.55119966105014566625E+01    -0.57110198340814724133E-07
   -0.55145640060067024811E+01    -0.57110220557339774115E-07
   -0.55171248268683761407E+01    -0.57110242579299033073E-07
   -0.55196791066734729081E+01    -0.57110264408984014644E-07
   -0.55222268787522716051E+01    -0.57110286048652426708E-07
   -0.55247681761809441858E+01    -0.57110307500528768420E-07
   -0.55273030317841322384E+01    -0.57110328766804915015E-07
   -0.55298314781374909153E+01    -0.57110349849640690646E-07
   -0.55323535475702007827E+01    -0.57110370751164429559E-07
   -0.55348692721674480744E+01    -0.57110391473473525859E-07
   -0.55373786837728738261E+01    -0.57110412018634972130E-07
   -0.55398818139909923565E+01    -0.57110432388685887177E-07
   -0.55423786941895795555E+01    -0.57110452585634033125E-07
   -0.55448693555020314301E+01    -0.57110472611458322131E-07
   -0.55473538288296933516E+01    -0.57110492468109312936E-07
   -0.55498321448441604393E+01    -0.57110512157509697500E-07
   -0.55523043339895495098E+01    -0.57110531681554777926E-07
   -0.55547704264847430113E+01    -0.57110551042112933919E-07
   -0.55572304523256053580E+01    -0.57110570241026080969E-07
   -0.55596844412871720695E+01    -0.57110589280110119479E-07
   -0.55621324229258121153E+01    -0.57110608161155375043E-07
   -0.55645744265813638575E+01    -0.57110626885927030066E-07
   -0.55670104813792449763E+01    -0.57110645456165546923E-07
   -0.55694406162325367592E+01    -0.57110663873587082842E-07
   -0.55718648598440431253E+01    -0.57110682139883896700E-07
   -0.55742832407083247526E+01    -0.57110700256724747908E-07
   -0.55766957871137086677E+01    -0.57110718225755287560E-07
   -0.55791025271442736527E+01    -0.57110736048598442011E-07
   -0.55815034886818118182E+01    -0.57110753726854789069E-07
   -0.55838986994077666831E+01    -0.57110771262102926934E-07
   -0.55862881868051481006E+01    -0.57110788655899836073E-07
   -0.55886719781604243595E+01    -0.57110805909781234159E-07
   -0.55910501005653917872E+01    -0.57110823025261924242E-07
   -0.55934225809190221748E+01    -0.57110840003836136292E-07
   -0.55957894459292883392E+01    -0.57110856846977862262E-07
   -0.55981507221149681320E+01    -0.57110873556141184799E-07
   -0.56005064358074271991E+01    -0.57110890132760599752E-07
   -0.56028566131523807917E+01    -0.57110906578251332614E-07
   -0.56052012801116349235E+01    -0.57110922894009649005E-07
   -0.56075404624648071617E+01    -0.57110939081413159350E-07
   -0.56098741858110273411E+01    -0.57110955141821117860E-07
   -0.56122024755706184771E+01    -0.57110971076574715939E-07
   -0.56145253569867581574E+01    -0.57110986886997370141E-07
   -0.56168428551271206815E+01    -0.57111002574395004785E-07
   -0.56191549948855002163E+01    -0.57111018140056329345E-07
   -0.56214618009834152301E+01    -0.57111033585253110725E-07
   -0.56237632979716944628E+01    -0.57111048911240440521E-07
   -0.56260595102320446888E+01    -0.57111064119256997386E-07
   -0.56283504619786005204E+01    -0.57111079210525304586E-07
   -0.56306361772594564995E+01    -0.57111094186251982855E-07
   -0.56329166799581817196E+01    -0.57111109047627998652E-07
   -0.56351919937953172165E+01    -0.57111123795828907905E-07
   -0.56374621423298563626E+01    -0.57111138432015095334E-07
   -0.56397271489607084953E+01    -0.57111152957332009460E-07
   -0.56419870369281460077E+01    -0.57111167372910393371E-07
   -0.56442418293152351242E+01    -0.57111181679866511340E-07
   -0.56464915490492505825E+01    -0.57111195879302371381E-07
   -0.56487362189030744377E+01    -0.57111209972305943821E-07
   -0.56509758614965792020E+01    -0.57111223959951375977E-07
   -0.56532104992979955312E+01    -0.57111237843299203006E-07
   -0.56554401546252646629E+01    -0.57111251623396555012E-07
   -0.56576648496473758110E+01    -0.57111265301277360493E-07
   -0.56598846063856887175E+01    -0.57111278877962546185E-07
   -0.56620994467152415570E+01    -0.57111292354460233387E-07
   -0.56643093923660443898E+01    -0.57111305731765930836E-07
   -0.56665144649243583540E+01    -0.57111319010862724202E-07
   -0.56687146858339607854E+01    -0.57111332192721462263E-07
   -0.56709100763973964493E+01    -0.57111345278300939834E-07
   -0.56731006577772150688E+01    -0.57111358268548077518E-07
   -0.56752864509971953275E+01    -0.57111371164398098323E-07
   -0.56774674769435555240E+01    -0.57111383966774701233E-07
   -0.56796437563661510538E+01    -0.57111396676590231773E-07
   -0.56818153098796588880E+01    -0.57111409294745849634E-07
   -0.56839821579647492196E+01    -0.57111421822131693419E-07
   -0.56861443209692444437E+01    -0.57111434259627042562E-07
   -0.56883018191092656345E+01    -0.57111446608100476474E-07
   -0.56904546724703666815E+01    -0.57111458868410030976E-07
   -0.56926029010086562443E+01    -0.57111471041403352067E-07
   -0.56947465245519076811E+01    -0.57111483127917847079E-07
   -0.56968855628006571073E+01    -0.57111495128780833268E-07
   -0.56990200353292897344E+01    -0.57111507044809683901E-07
   -0.57011499615871146404E+01    -0.57111518876811971872E-07
   -0.57032753608994281184E+01    -0.57111530625585610898E-07
   -0.57053962524685657485E+01    -0.57111542291918994360E-07
   -0.57075126553749433371E+01    -0.57111553876591131802E-07
   -0.57096245885780868646E+01    -0.57111565380371783159E-07
   -0.57117320709176515788E+01    -0.57111576804021590748E-07
   -0.57138351211144303738E+01    -0.57111588148292209059E-07
   -0.57159337577713515865E+01    -0.57111599413926432397E-07
   -0.57180279993744663460E+01    -0.57111610601658320414E-07
   -0.57201178642939256047E+01    -0.57111621712213321561E-07
   -0.57222033707849469827E+01    -0.57111632746308394514E-07
   -0.57242845369887715500E+01    -0.57111643704652127598E-07
   -0.57263613809336106745E+01    -0.57111654587944856263E-07
   -0.57284339205355830569E+01    -0.57111665396878778622E-07
   -0.57305021735996420766E+01    -0.57111676132138069123E-07
   -0.57325661578204935663E+01    -0.57111686794398990355E-07
   -0.57346258907835041360E+01    -0.57111697384330003046E-07
   -0.57366813899656001603E+01    -0.57111707902591874276E-07
   -0.57387326727361575466E+01    -0.57111718349837783939E-07
   -0.57407797563578823951E+01    -0.57111728726713429490E-07
   -0.57428226579876826638E+01    -0.57111739033857129005E-07
   -0.57448613946775309483E+01    -0.57111749271899922585E-07
   -0.57468959833753184837E+01    -0.57111759441465672140E-07
   -0.57489264409257004770E+01    -0.57111769543171159569E-07
   -0.57509527840709328751E+01    -0.57111779577626183386E-07
   -0.57529750294517006711E+01    -0.57111789545433653797E-07
   -0.57549931936079378532E+01    -0.57111799447189686275E-07
   -0.57570072929796390960E+01    -0.57111809283483693651E-07
   -0.57590173439076632939E+01    -0.57111819054898476749E-07
   -0.57610233626345290349E+01    -0.57111828762010313589E-07
   -0.57630253653052021122E+01    -0.57111838405389047195E-07
