1   2 2 2   0 0  0 0  0 0
2   2 2 2   0 0  0 0  0 0
3   2 2 2   0 0  0 0  0 0

1   1 2 4   0 0  0 0  0 0
2   1 2 4   0 0  0 0  0 0
3   1 2 4   0 0  0 0  0 0

1   4 2 1   0 0  0 0  0 0
2   4 2 1   0 0  0 0  0 0
3   4 2 1   0 0  0 0  0 0

1   2 2 2   8 32  8 32  8 32
2   2 2 2   8 32  8 32  8 32
3   2 2 2   8 32  8 32  8 32

1   2 2 2   256 1024  256 1024  256 1024
2   2 2 2   256 1024  256 1024  256 1024
3   2 2 2   256 1024  256 1024  256 1024

1   2 2 2   0 0  8 32  256 1024
2   2 2 2   0 0  8 32  256 1024
3   2 2 2   0 0  8 32  256 1024

1   1 2 4   0 0  8 32  256 1024
2   1 2 4   0 0  8 32  256 1024
3   1 2 4   0 0  8 32  256 1024

1   4 2 1   0 0  8 32  256 1024
2   4 2 1   0 0  8 32  256 1024
3   4 2 1   0 0  8 32  256 1024

0
